H2,CO,C2H4,C2H2,C2H6,CH4,H2_integ,H2_delta,CO_integ,CO_delta,C2H4_integ,C2H4_delta,C2H2_integ,C2H2_delta,C2H6_integ,C2H6_delta,CH4_integ,CH4_delta,H2_norm,CH4_norm,C2H6_norm,C2H2_norm,CO_norm
0.0025869235442,0.0020974132715999,9.8587121815e-05,0.0067817500873998,0.002685510666015,0.0093686736315998,-1.237371800537543,0.0,-0.8203887622523676,0.0,-0.21088842106919292,0.0,-2.878149325042277,0.0,-1.448260221606737,0.0,-4.11552112557982,0.0,-0.0024130764558000003,0.0013686736315997993,-0.003314489333985,0.005981750087399799,-0.0509025867284001
0.0025873324759,0.0020938233646,9.9740986833e-05,0.0067749792051,0.002687073462733,0.009362311681,-1.232197544517443,4.089317000000557e-07,-0.8161975256161678,-3.5899069999001214e-06,-0.21069009296054492,1.1538650179999992e-06,-2.8645925957497775,-6.770882299799753e-06,-1.442887637477989,1.5627967179998245e-06,-4.09679014026722,-6.361950599800131e-06,-0.0024126675241000002,0.0013623116809999992,-0.0033129265372670003,0.0059749792050999995,-0.0509061766354
0.002587744185,0.0020902584691,0.00010090150609,0.0067682611232,0.00268864569109,0.0093560053082,-1.2270224678565431,4.1170910000014674e-07,-0.8120134437824678,-3.5648954999998456e-06,-0.2104894504676219,1.1605192569999966e-06,-2.8510493554214777,-6.718081899999978e-06,-1.437511918324166,1.5722283570000078e-06,-4.07807182327802,-6.30637279999853e-06,-0.002412255815,0.0013560053082000006,-0.0033113543089100003,0.0059682611231999996,-0.0509097415309
0.0025881588389,0.0020867200925,0.00010206908068,0.0067615990239,0.0026902279195799997,0.0093497578628,-1.221846564832643,4.146538999999158e-07,-0.8078364652208677,-3.5383765999998616e-06,-0.21028647988085192,1.167574589999994e-06,-2.8375194952743774,-6.6620992999998074e-06,-1.4321330447134961,1.5822284899998963e-06,-4.0593660601070205,-6.247445400000759e-06,-0.0024118411611,0.0013497578627999999,-0.0033097720804200004,0.0059615990239,-0.0509132799075
0.0025885766584,0.0020832102236999,0.00010324423968,0.0067549971057998,0.00269182089808,0.0093435737641998,-1.216669829335343,4.178194999999302e-07,-0.8036665349046678,-3.509868800100069e-06,-0.21008116656049192,1.175159000000003e-06,-2.824002899144678,-6.6019181002002075e-06,-1.426750995895836,1.592978500000123e-06,-4.04067272848002,-6.184098600200277e-06,-0.0024114233416000002,0.0013435737641997996,-0.0033081791019200003,0.0059549971057997995,-0.0509167897763001
0.0025889979171,0.0020797313265,0.00010442763864,0.0067484605701,0.00269342555574,0.009337458487199999,-1.211492254759843,4.2125870000023907e-07,-0.799503593354468,-3.4788971999002126e-06,-0.20987349468217192,1.1833989599999975e-06,-2.810499441468778,-6.536535699800186e-06,-1.421365749442016,1.604657660000345e-06,-4.0219916962286195,-6.115276999800814e-06,-0.0024110020829,0.0013374584871999988,-0.00330657444426,0.005948460570099999,-0.050920268673499997
0.0025894229406,0.0020762863327,0.0001056200575299,0.006741995606,0.0026950429981299,0.009331418546599999,-1.206313833902143,4.2502349999976735e-07,-0.795347575695268,-3.444993799999775e-06,-0.20966344698600203,1.1924188899000056e-06,-2.797008985292678,-6.464964099999783e-06,-1.4159772808881461,1.617442389899651e-06,-4.003322819194819,-6.0399406000000155e-06,-0.0024105770594000002,0.0013314185465999988,-0.0033049570018701003,0.005941995606,-0.050923713667299995
0.0025898521054,0.0020728786330999,0.00010682239845,0.0067356093715998,0.00269667450385,0.009325461476999801,-1.201134558856143,4.2916480000017646e-07,-0.7911984107294682,-3.4076996001000497e-06,-0.20945100453002213,1.2023409201000046e-06,-2.7835313803150785,-6.3862344002003565e-06,-1.4105855633861661,1.6315057201001133e-06,-3.9846659391712196,-5.957069600198012e-06,-0.0024101478946,0.0013254614769998008,-0.00330332549615,0.005935609371599799,-0.0509271213669001
0.0025902858379,0.0020695120672,0.00010803568292,0.0067293099723,0.00269832152082,0.0093195958102,-1.195954420912843,4.3373250000009606e-07,-0.7870560200291682,-3.3665658999001633e-06,-0.20923614644865213,1.2132844699999954e-06,-2.770066460971179,-6.299399299799363e-06,-1.4051905673614962,1.647016970000078e-06,-3.9660208818840195,-5.865666799800134e-06,-0.0024097141621,0.0013195958102000006,-0.00330167847918,0.0059293099723,-0.0509304879328
0.0025907246129,0.0020661909117,0.0001092610487399,0.0067231064363,0.0026999856616399,0.0093138310492,-1.190773410462043,4.387749999996797e-07,-0.7829203170502682,-3.3211554999997353e-06,-0.20901884971699222,1.2253658198999962e-06,-2.756614044562579,-6.203536000000225e-06,-1.3997922601790362,1.6641408198997572e-06,-3.9473874550246193,-5.7647610000009786e-06,-0.0024092753871000003,0.0013138310491999997,-0.0033000143383601003,0.0059231064363,-0.050933809088299996
0.0025911689525999,0.0020629198678,0.0001104997466399,0.0067170086881999,0.0027016686992398,0.0093081776407998,-1.1855915168965432,4.443396999002057e-07,-0.7787912062707681,-3.2710438999999578e-06,-0.20879908892161245,1.2386979000000018e-06,-2.7431739294380786,-6.0977481001001435e-06,-1.3943906058181565,1.683037599900343e-06,-3.9287654463346193,-5.6534084002003715e-06,-0.0024088310474001,0.0013081776407997993,-0.0032983313007602,0.0059170086881998995,-0.0509370801322
0.0025916194244,0.0020597040468,0.00011175313648,0.006711027518,0.00270337256088,0.0093026469424,-1.1804087285195435,4.5047180009978594e-07,-0.7746685823561682,-3.2158210000001776e-06,-0.20857683603849256,1.2533898401000034e-06,-2.7297458932318786,-5.981170199899702e-06,-1.3889855645580367,1.7038616401997622e-06,-3.910154621751419,-5.530698399799916e-06,-0.0024083805756000003,0.0013026469423999994,-0.0032966274391200002,0.005911027518,-0.0509402959532
0.0025920766399,0.0020565489547,0.00011302268312,0.006705174549300001,0.0027050993230200004,0.0092972511892,-1.1752250324552433,4.5721550000037137e-07,-0.7705523293546682,-3.155092099999847e-06,-0.20835206021889255,1.2695466399999933e-06,-2.7163296911645785,-5.8529686999993225e-06,-1.3835770926741366,1.7267621400004866e-06,-3.8915547236198194,-5.395753199998951e-06,-0.0024079233601,0.0012972511892000004,-0.0032949006769799997,0.0059051745493000005,-0.0509434510453
0.0025925412524,0.0020534604756,0.00011430995202,0.0066994622035999995,0.00270685120442,0.009292003456,-1.1700404145629435,4.6461249999987103e-07,-0.7664423199243682,-3.088479100000173e-06,-0.20812472758375253,1.2872689000000074e-06,-2.7029250544116787,-5.712345700001342e-06,-1.3781651421466967,1.7518813999997836e-06,-3.872965468974619,-5.247733200000604e-06,-0.0024074587476,0.0012920034559999998,-0.00329314879558,0.005899462203599999,-0.0509465395244
0.0025930139551999,0.0020504448539,0.00011561660448,0.0066939036629999,0.0027086305596799,0.009286917618199799,-1.1648548593553436,4.7270279989993294e-07,-0.7623384145948682,-3.01562169999995e-06,-0.20789480102725252,1.3066524599999996e-06,-2.689531688545079,-5.558540600099533e-06,-1.3727496603825968,1.7793552598999868e-06,-3.854386547900419,-5.085837800200901e-06,-0.0024069860448001,0.001286917618199799,-0.0032913694403201,0.0058939036629999,-0.0509495551461
0.0025934954798,0.0020475086753,0.00011694439262,0.006688512830399999,0.00271043987242,0.009282008310199999,-1.1596683499203435,4.81524600099998e-07,-0.7582404610656682,-2.9361786000000646e-06,-0.20766224003015255,1.3277881399999957e-06,-2.676149272051679,-5.390832599900565e-06,-1.3673305899504968,1.8093127401000615e-06,-3.8358176219720193,-4.909307999800133e-06,-0.0024065045202,0.0012820083101999988,-0.00328956012758,0.005888512830399999,-0.0509524913247
0.002593986593,0.0020446588468,0.00011829515406,0.0066833042866,0.00271228174706,0.009277290879600001,-1.1544808678475433,4.911132000001879e-07,-0.7541482935435683,-2.8498285000000227e-06,-0.20742700048347254,1.3507614400000065e-06,-2.662777454934679,-5.208543799999424e-06,-1.3619078683310168,1.8418746400000047e-06,-3.8172583227822194,-4.717430599997935e-06,-0.002406013407,0.0012772908796000008,-0.00328771825294,0.0058833042866,-0.050955341153199996
0.0025944880954,0.002041902576,0.00011967080629,0.0066782932474,0.00271415890169,0.0092727813428,-1.1492923931591434,5.015023999996142e-07,-0.7500617321207682,-2.7562708000000713e-06,-0.20718903452312257,1.3756522299999957e-06,-2.649415857400679,-5.011039200000095e-06,-1.356481427682267,1.8771546299997319e-06,-3.7987082505598195,-4.509536800001782e-06,-0.0024055119046000003,0.001272781342799999,-0.00328584109831,0.0058782932473999995,-0.050958097423999996
0.0025950008179,0.0020392473484,0.00012107334087,0.006673495514699999,0.00271607415877,0.0092684963326,-1.1441029042458433,5.127225000001873e-07,-0.7459805821963682,-2.6552275999998896e-06,-0.20694829037596255,1.402534580000002e-06,-2.636064068638579,-4.797732700000459e-06,-1.351051194621807,1.915257079999986e-06,-3.7801669728844196,-4.285010199998537e-06,-0.0024049991821,0.0012684963326000005,-0.00328392584123,0.005873495514699999,-0.0509607526516
0.0025955256204,0.0020367009052,0.00012250481734,0.0066689274308,0.0027180304377400002,0.0092644530512,-1.1389123778075434,5.248025000000565e-07,-0.7419046339427682,-2.546443200000109e-06,-0.20670471221775252,1.4314764699999909e-06,-2.6227216456930793,-4.568083899999728e-06,-1.345617090025297,1.9562789700003184e-06,-3.76163402350062,-4.043281400000973e-06,-0.0024044743796,0.0012644530511999996,-0.00328196956226,0.005868927430799999,-0.0509632990948
0.0025960633882,0.0020342712194,0.00012396735686,0.006664605827,0.00272003074506,0.0092606692152,-1.1337207887989433,5.377677999999012e-07,-0.7378336618181682,-2.429685799999661e-06,-0.20645824004355254,1.4625395199999993e-06,-2.6093881124352793,-4.321603799999421e-06,-1.340179028842497,2.0003073199995752e-06,-3.74310890123422,-3.7838360000003873e-06,-0.0024039366118,0.0012606692151999992,-0.0032799692549400003,0.005864605827,-0.050965728780599996
0.0025966150295,0.0020319664711,0.00012546313576,0.006660547971699999,0.0027220781652600003,0.0092571630012,-1.1285281103812435,5.516413000001934e-07,-0.7337674241276683,-2.3047483000003706e-06,-0.20620880955093254,1.4957789000000113e-06,-2.5960629586365793,-4.0578553000009815e-06,-1.3347369199321772,2.0474202000004757e-06,-3.7245910690178197,-3.5062139999986197e-06,-0.0024033849705,0.0012571630012000005,-0.00327792183474,0.005860547971699999,-0.050968033528899996
0.0025971814731,0.0020297950225999,0.00012699437881,0.0066567715182997995,0.00272417585191,0.0092539529913998,-1.1233343138786434,5.664436000000703e-07,-0.7297056626339683,-2.1714485000999366e-06,-0.20595635203636256,1.5312430500000033e-06,-2.5827456391465793,-3.776453400199803e-06,-1.3292906659150072,2.0976866499998297e-06,-3.70607995302522,-3.2100098002006e-06,-0.0024028185269,0.0012539529913998,-0.00327582414809,0.005856771518299799,-0.050970204977400096
0.0025977636647,0.0020277653923,0.00012856335232,0.0066532944493000006,0.0027263270170199997,0.009251058114,-1.1181393687408434,5.821915999995944e-07,-0.7256481022190684,-2.029630299899693e-06,-0.20570079430523255,1.5689735099999852e-06,-2.5694355731789797,-3.477068999798924e-06,-1.3238401630460772,2.1511651099996067e-06,-3.6875749419198205,-2.894877399800197e-06,-0.0024022363353000003,0.0012510581139999997,-0.0032736729829800004,0.0058532944493,-0.0509722346077
0.0025983625649,0.0020258862288,0.00013017235718,0.0066501350225,0.00272853492208,0.0092484975874,-1.1129432425112433,5.989002000001374e-07,-0.7215944505979685,-1.8791635000002006e-06,-0.20544205859573253,1.6090048600000072e-06,-2.55613214370718,-3.1594268000006975e-06,-1.3183853011069773,2.207905060000199e-06,-3.6690753862184207,-2.5605266000001264e-06,-0.0024016374351,0.0012484975873999996,-0.00327146507792,0.0058501350224999995,-0.0509741137712
0.0025989791453,0.0020241662831,0.00013182372166,0.0066473117115,0.00273080286696,0.0092462908568,-1.1077459008010435,6.165803999999206e-07,-0.7175443980860684,-1.7199456999999335e-06,-0.20518006251689255,1.6513644800000024e-06,-2.5428346969731797,-2.8233109999999464e-06,-1.3129259633179373,2.2679448800000043e-06,-3.6505805977742205,-2.206730600000026e-06,-0.0024010208547000002,0.0012462908567999996,-0.00326919713304,0.0058473117114999995,-0.050975833716899996
0.0025996143860999,0.0020226143824,0.0001335197941299,0.0066448431508998995,0.0027331341802297997,0.0092444575369998,-1.1025473072696435,6.352407999001171e-07,-0.7134976174205684,-1.5519007000000702e-06,-0.20491471900110267,1.6960724698999866e-06,-2.5295425421107796,-2.468560600100457e-06,-1.3074620262707475,2.3313132697998055e-06,-3.6320898493804203,-1.8333198001999063e-06,-0.0024003856139001,0.0012444575369997997,-0.0032668658197702004,0.005844843150899899,-0.0509773856176
0.0026002692729,0.0020212394014,0.00013526293575,0.0066427480757,0.00273553220865,0.009243017348599999,-1.0973474236106435,6.548868001000387e-07,-0.7094537636367684,-1.37498100000015e-06,-0.20464593627122277,1.7431416201000194e-06,-2.51625495088418,-2.0950751998998277e-06,-1.3019933598818678,2.3980284202004647e-06,-3.6136023744948207,-1.44018839980109e-06,-0.0023997307271,0.0012430173485999986,-0.00326446779135,0.005842748075699999,-0.0509787605986
0.0026009447933,0.0020200502352,0.00013705551301,0.006641045263699999,0.00273800030631,0.009241990057,-1.0921462095444436,6.755203999998967e-07,-0.7054124740001684,-1.1891661999999074e-06,-0.20437361782246274,1.7925772599999997e-06,-2.50297115754478,-1.7028120000003519e-06,-1.2965198273669079,2.4680976599997066e-06,-3.595117367089221,-1.0272915999982868e-06,-0.0023990552067,0.0012419900570000003,-0.00326199969369,0.005841045263699999,-0.0509799497648
0.0026016419343,0.0020190557704,0.0001388998902,0.006639753475099999,0.0027405418245,0.0092413954094,-1.0869436228168436,6.971409999998943e-07,-0.7013733679945684,-9.94464799999959e-07,-0.20409766241925273,1.844377189999996e-06,-2.4896903588059796,-1.291788600000024e-06,-1.2910412852360977,2.5415181900000257e-06,-3.576633981622821,-5.94647600000997e-07,-0.0023983580657000003,0.0012413954093999993,-0.0032594581755,0.005839753475099999,-0.0509809442296
0.0026023616785,0.0020182648575999,0.00014079842198,0.0066388913936998,0.0027431601004800003,0.0092412530721998,-1.0817396192040436,7.197442000003891e-07,-0.6973360473665685,-7.909128000999077e-07,-0.20381796410707273,1.8985317799999867e-06,-2.4764117139371797,-8.620814001989927e-07,-1.2855575833111177,2.6182759800003758e-06,-3.5581513331412213,-1.423372001999046e-07,-0.0023976383215,0.0012412530721997994,-0.00325683989952,0.0058388913936998,-0.0509817351424001
0.0026031050017,0.0020176862824,0.00014275344576,0.0066384775665,0.00274585844746,0.009241582568199999,-1.0765341525238437,7.433231999998471e-07,-0.6933000962265686,-5.785751999000735e-07,-0.20353441223933275,1.9550237800000138e-06,-2.46313434497698,-4.1382719980029986e-07,-1.2800685647631778,2.698346979999617e-06,-3.5396684975008212,3.294960001995473e-07,-0.0023968949983,0.001241582568199999,-0.00325414155254,0.0058384775665,-0.0509823137176
0.002603872869,0.0020173287376,0.00014476727424,0.0066385303442,0.0027486401432400003,0.009242403213199999,-1.0713271746531439,7.678673000000892e-07,-0.6892650812065686,-3.575448000001265e-07,-0.20324689151933276,2.0138284799999992e-06,-2.44985733706628,5.2777700000269934e-08,-1.2745740661724778,2.7816957800003324e-06,-3.5211845117194214,8.206449999999255e-07,-0.002396127131,0.0012424032131999989,-0.00325135985676,0.0058385303442,-0.0509826712624
0.0026046662324,0.0020172007949,0.00014684218787,0.006639067822199999,0.00275150842027,0.0092437340546,-1.0661186355517438,7.933633999999967e-07,-0.6852305516740687,-1.2794270000003258e-07,-0.20295528205722277,2.0749136299999906e-06,-2.43657973889988,5.374779999990642e-07,-1.2690739176089678,2.868277029999689e-06,-3.5026983744516214,1.3308414000007956e-06,-0.0023953337676,0.0012437340545999997,-0.00324849157973,0.005839067822199999,-0.0509827992051
0.002605486027,0.0020173108766,0.00014898042744,0.0066401077802,0.00275446645444,0.009245593807200001,-1.0609084832923437,8.197945999999408e-07,-0.6811960400025687,1.1008170000027795e-07,-0.20265945944191274,2.138239570000013e-06,-2.42330056329748,1.0399580000009304e-06,-1.2635679427342579,2.9580341700001164e-06,-3.4842090465898212,1.8597526000013048e-06,-0.002394513973,0.001245593807200001,-0.00324553354556,0.0058401077802,-0.050982689123399996
0.0026063331685,0.0020176672285,0.00015118418668,0.0066416676255,0.00275751735518,0.009248000794,-1.0556966640968437,8.471415000000856e-07,-0.6771610618974687,3.563518999999925e-07,-0.20235929482779275,2.203759239999991e-06,-2.41001878789178,1.5598453000000706e-06,-1.2580559589246378,3.0509007400000496e-06,-3.4657154519886215,2.406986799999289e-06,-0.0023936668315,0.0012480007940000003,-0.00324248264482,0.0058416676255,-0.0509823327715
0.0026072085499,0.0020182778918,0.00015345560496,0.0066437643335,0.0027606641548599997,0.009250972883399999,-1.0504831223784439,8.75381399999698e-07,-0.6731251167771687,6.106632999998418e-07,-0.20205465503615272,2.2714182799999977e-06,-2.39673335593278,2.0967079999998153e-06,-1.252537777414598,3.1467996799996144e-06,-3.4472164783112214,2.9720893999982123e-06,-0.0023927914501000003,0.0012509728833999985,-0.0032393358451400004,0.0058437643335,-0.0509817221082
0.0026081130384,0.0020191506766,0.0001557967601699,0.0066464143916000005,0.0027639097985699,0.00925452743,-1.0452678007901437,9.044885000003555e-07,-0.6690876882087687,8.727848000000121e-07,-0.2017454026710228,2.3411552098999964e-06,-2.38344317720768,2.6500581000003798e-06,-1.247013203461168,3.2456437099002977e-06,-3.4287109779978215,3.5545466000007353e-06,-0.0023918869616,0.0012545274299999992,-0.0032360902014301,0.0058464143916,-0.050980849323399996
0.0026090474727,0.0020202931355,0.00015820966159,0.006649633743699999,0.00276725713429,0.0092586812164,-1.0400506402790437,9.344342999997868e-07,-0.6650482443966688,1.1424589000000145e-06,-0.20143139624926293,2.412901420099998e-06,-2.37014712907238,3.2193520999989483e-06,-1.2414820365283081,3.347335720100056e-06,-3.4101977693514214,4.15378640000047e-06,-0.0023909525273,0.0012586812163999997,-0.00323274286571,0.005849633743699999,-0.0509797068645
0.00261001266,0.002021712537,0.00016069624305,0.006653437734,0.00277070890305,0.009263450394,-1.0348315801463437,9.651873000000692e-07,-0.6610062387241687,1.4194015000002468e-06,-0.20111249034462292,2.4865814599999976e-06,-2.35684405759468,3.8039903000009964e-06,-1.235944070490968,3.451768759999904e-06,-3.3916756377410215,4.769177600000632e-06,-0.00238998734,0.0012634503940000003,-0.00322929109695,0.005853437734,-0.050978287463
0.0026110093729,0.002023415841,0.00016325835618,0.0066578410549,0.00277426772908,0.009268850427799999,-1.0296105581134436,9.967128999999533e-07,-0.6569611103461688,1.703303999999687e-06,-0.2007885357453929,2.562113130000004e-06,-2.34353277880578,4.403320899999327e-06,-1.2303990938588383,3.558826029999903e-06,-3.3731433369192216,5.400033799998413e-06,-0.0023889906271,0.0012688504277999987,-0.0032257322709200002,0.005857841054899999,-0.050976584159
0.0026120383475,0.0020254096735,0.00016589776385,0.0066628576944999995,0.00277793611135,0.009274896041999998,-1.0243875103930438,1.0289745999998018e-06,-0.6529122848316687,1.993832499999973e-06,-0.20045937962536292,2.639407669999998e-06,-2.33021208005638,5.016639599999748e-06,-1.2248468900184082,3.6683822700000167e-06,-3.3545995904494217,6.045614199999549e-06,-0.0023879616525000003,0.0012748960419999983,-0.00322206388865,0.005862857694499999,-0.0509745903265
0.0026131002797,0.0020277003033,0.00016861613382,0.0066685008862999995,0.00278171641352,0.009281601165999999,-1.0191623717658436,1.0619322000000354e-06,-0.6488591748548688,2.29062980000019e-06,-0.20012486572769295,2.7183699699999994e-06,-2.31688072147558,5.643191799999982e-06,-1.2192872374935382,3.780302170000062e-06,-3.3360430932414213,6.705124000000451e-06,-0.0023868997203000003,0.0012816011659999987,-0.00321828358648,0.005868500886299999,-0.0509722996967
0.0026141958234,0.0020302936184,0.0001714150326399,0.0066747830602,0.0027856108560399,0.009288978883599999,-1.0139350756627437,1.0955436999999547e-06,-0.6448011809331687,2.593315099999865e-06,-0.19978483456123303,2.798898819900001e-06,-2.30353743752908,6.282173900000118e-06,-1.2137199102239782,3.89444251990001e-06,-3.3174725131918215,7.377717599999639e-06,-0.0023858041766000003,0.0012889788835999984,-0.0032143891439601,0.005874783060199999,-0.0509697063816
0.0026153255878,0.0020331951046,0.00017429591974,0.006681715797,0.00278962150754,0.0092970413848,-1.0087055542515437,1.1297644000002154e-06,-0.6407376922101687,2.9014861999999975e-06,-0.19943912360885313,2.8808871001000016e-06,-2.29018093867188,6.932736800000644e-06,-1.2081446778603984,4.0106515001e-06,-3.298886492923421,8.062501200001293e-06,-0.0023846744122,0.0012970413847999997,-0.00321037849246,0.005881715797,-0.0509668048954
0.0026164901349,0.0020364098236,0.0001772601418,0.0066893097821,0.0027937502767,0.009305799917,-1.0034737385288437,1.164547099999965e-06,-0.6366680872819688,3.214719000000244e-06,-0.1990875675473131,2.9642220600000207e-06,-2.27680991309278,7.59398510000002e-06,-1.2025613060761584,4.128769159999959e-06,-3.2802836516216214,8.758532200000418e-06,-0.0023835098651,0.001305799917,-0.0032062497233,0.0058893097821,-0.050963590176399995
0.0026176899776,0.0020399423932999,0.0001803089273999,0.0066975747641998,0.0027979989049999,0.009315264741799799,-0.9982395584163436,1.1998426999999638e-06,-0.6325917350650688,3.5325696998997694e-06,-0.1987299984781132,3.0487855998999813e-06,-2.2634230285464803,8.264982099799936e-06,-1.1969695568944587,4.2486282999000535e-06,-3.2616625869628213,9.464824799798599e-06,-0.0023823100224,0.0013152647417997987,-0.0032020010950001,0.0058975747641998,-0.050960057606700096
0.0026189255771,0.0020437969685999,0.00018344338192,0.0067065195142998,0.00280236895902,0.009325445091399799,-0.9930029428616436,1.235599500000028e-06,-0.6285079957031691,3.854575300000097e-06,-0.1983662461687933,3.1344545201000113e-06,-2.250018934267981,8.944750099999788e-06,-1.1913691890304388,4.370054020100093e-06,-3.243021877129622,1.0180349600000249e-05,-0.0023810744229,0.001325445091399799,-0.00319763104098,0.0059065195142998,-0.050956203031400096
0.0026201973415,0.0020479772230999,0.0001866644827499,0.0067161517876997995,0.0028068618242499,0.009336349129199801,-0.9877638199430434,1.271764400000066e-06,-0.6244162215114694,4.180254499999963e-06,-0.1979961383041234,3.221100829899987e-06,-2.236596262965981,9.632273399999558e-06,-1.1857599582471687,4.492865229899917e-06,-3.224360082909022,1.0904037800001792e-05,-0.0023798026585,0.0013363491291998007,-0.0031931381757501,0.005916151787699799,-0.0509520227769001
0.0026215056234,0.0020524863328,0.00018997307486,0.006726478289,0.0028114786982600002,0.0093479839124,-0.9825221169781435,1.3082819000000828e-06,-0.6203157579555695,4.5091097000998955e-06,-0.1976195007465135,3.308592110100008e-06,-2.2231536328892814,1.0326501300200741e-05,-1.1801416177246589,4.616874010100226e-06,-3.2056757498674227,1.163478320019909e-05,-0.0023784943766,0.0013479839123999998,-0.00318852130174,0.005926478289,-0.050947513667199996
0.0026228507185,0.0020573269604,0.00019336986662,0.0067375046393,0.0028162205851199997,0.009360355357799999,-0.9772777606362436,1.3450950999997421e-06,-0.6162059446623694,4.84062760000006e-06,-0.19723615780503348,3.3967917600000034e-06,-2.209689649960981,1.1026350299999862e-05,-1.1745139184412787,4.741886859999447e-06,-3.1869674105972225,1.2371445399998737e-05,-0.0023771492815000002,0.0013603553577999986,-0.0031837794148800004,0.0059375046393,-0.0509426730396
0.0026242328639,0.0020625012406,0.00019685542599,0.0067492353451,0.00282108828989,0.009373468209,-0.9720306770538436,1.3821454000000587e-06,-0.6120861164613695,5.174280200000072e-06,-0.1968459325124235,3.485559369999984e-06,-2.196202909976581,1.1730705799999769e-05,-1.1688766095662686,4.867704770000151e-06,-3.168233587030423,1.3112851200001996e-05,-0.0023757671361,0.0013734682090000006,-0.0031789117101100003,0.0059492353450999996,-0.0509374987594
0.0026256522365,0.0020680107675,0.00020043017706,0.0067616737715,0.00282608241356,0.009387326008000001,-0.9667807919534436,1.4193726000002321e-06,-0.6079556044532693,5.509526900000089e-06,-0.19644864690937347,3.5747510700000066e-06,-2.1826920008599813,1.243842640000041e-05,-1.1632294388628186,4.994123670000374e-06,-3.1494727928134227,1.3857799000000642e-05,-0.0023743477635,0.0013873260080000012,-0.00317391758644,0.0059616737715,-0.050931989232499995
0.0026271089521,0.0020738565826,0.0002040943969499,0.0067748221173,0.0028312033490499,0.0094019310694,-0.9615280307648435,1.4567155999997694e-06,-0.6038137371031694,5.8458151000000645e-06,-0.19604412233536356,3.6642198899000005e-06,-2.1691555049711813,1.3148345799999898e-05,-1.1575721531002088,5.1209354898999054e-06,-3.1306835357360225,1.46050613999988e-05,-0.0023728910479,0.0014019310694,-0.0031687966509501,0.0059748221173,-0.0509261434174
0.0026286030637,0.0020800391649,0.00020784821305,0.0067886813934999995,0.00283645127675,0.0094172844572,-0.9562723187490434,1.4941115999999623e-06,-0.5996598413556694,6.182582299999861e-06,-0.19563217972536368,3.7538161001000176e-06,-2.1555920014603815,1.385927619999925e-05,-1.1519044984744087,5.24792770009979e-06,-3.1118643202094227,1.5353387799999646e-05,-0.0023713969363,0.0014172844571999996,-0.0031635487232500002,0.005988681393499999,-0.050919960835099996
0.0026301345611,0.0020865584214,0.00021169160065,0.0068032514039,0.00284182616175,0.009433385964999999,-0.9510135811242435,1.5314974000000224e-06,-0.5954932437693694,6.5192565000000285e-06,-0.19521263991166365,3.843387599999985e-06,-2.1420000686629814,1.4570010400000513e-05,-1.1462262210359089,5.374885000000197e-06,-3.0930136497872227,1.6101507799999235e-05,-0.0023698654389,0.0014333859649999989,-0.00315817383825,0.0060032514039,-0.0509134415786
0.0026317033696,0.0020934136801,0.00021562438096,0.0068185307298,0.0028473277505599998,0.0094502340994,-0.9457517431935436,1.5688084999999907e-06,-0.5913132716678695,6.855258699999846e-06,-0.19478532393005366,3.932780309999994e-06,-2.1283782865292817,1.5279325899999682e-05,-1.1405370671235988,5.501588809999659e-06,-3.0741300297228227,1.6848134400001408e-05,-0.0023682966304,0.0014502340994000003,-0.0031526722494400004,0.006018530729799999,-0.0509065863199
0.0026333093497,0.0021006036838,0.0002196462195099,0.0068345167173,0.0028529555692099,0.009467826067000001,-0.9404867304742436,1.6059801000002996e-06,-0.5871192543039696,7.190003700000176e-06,-0.19435005332958377,4.021838549900003e-06,-2.1147252390821816,1.5985987500000652e-05,-1.134836783803829,5.627818649900276e-06,-3.0552119695564226,1.7591967600000952e-05,-0.0023666906503,0.0014678260670000012,-0.0031470444307901,0.0060345167173,-0.050899396316199996
0.0026349522963,0.0021081265856,0.00022375662491,0.0068512054675,0.00285870892121,0.009486157763800001,-0.9352184688282436,1.6429465999998234e-06,-0.5829105240345696,7.52290179999995e-06,-0.19390665048516387,4.110405400100005e-06,-2.1010395168973814,1.668875019999929e-05,-1.129125119313409,5.7533520000999094e-06,-3.036257985725623,1.8331696799999547e-05,-0.0023650477037,0.0014861577638000008,-0.00314129107879,0.006051205467499999,-0.0508918734144
0.0026366319384,0.0021159799455,0.00022795494805,0.0068685918294,0.00286458688645,0.0095052237678,-0.9299468845935435,1.6796420999999964e-06,-0.5786864175034696,7.853359899999933e-06,-0.1934549389122039,4.1983231399999904e-06,-2.087319719600482,1.738636190000073e-05,-1.1234018235057492,5.87796523999996e-06,-3.017266604194023,1.906600399999986e-05,-0.0023633680616,0.0015052237678000006,-0.0031354131135500002,0.0060685918294,-0.0508840200545
0.002638347939,0.0021241607294,0.0002322403816599,0.006886669397799999,0.0028705883206599,0.0095250173368,-0.9246719047161434,1.7160005999997813e-06,-0.5744462768285696,8.180783900000026e-06,-0.19299474358249397,4.285433609900024e-06,-2.0735644583732817,1.8077568399998967e-05,-1.1176666482986395,6.001434209900076e-06,-2.998236363089423,1.9793568999998748e-05,-0.0023616520610000003,0.0015250173367999994,-0.0031294116793401,0.006086669397799999,-0.0508758392706
0.0026400998953,0.0021326653083,0.00023661196031,0.0069054305118999995,0.00287671185561,0.0095455304072,-0.9193934568818434,1.751956300000048e-06,-0.5701894507908696,8.504578899999875e-06,-0.19252589124052405,4.37157865009998e-06,-2.059772358463582,1.8761114100000233e-05,-1.1119193481223695,6.123534950100082e-06,-2.9791658153454232,2.0513070399999847e-05,-0.0023599001047000003,0.0015455304071999992,-0.00312328814439,0.006105430511899999,-0.050867334691699996
0.0026418873384,0.0021414894605,0.00024106856075,0.0069248662594,0.00288295589915,0.009566753597800001,-0.9141114696481434,1.7874431000003237e-06,-0.5659152960220695,8.824152200000157e-06,-0.19204821071946407,4.4566004400000065e-06,-2.045942061692282,1.9435747500000204e-05,-1.1061596803676095,6.244043540000032e-06,-2.9600535313404235,2.122319060000183e-05,-0.0023581126616,0.001566753597800001,-0.00311704410085,0.006124866259399999,-0.050858510539499996
0.0026437097339,0.0021506283737,0.00024560890274,0.0069449664813,0.00288931863664,0.009588676215200001,-0.9088258725758435,1.8223954999997856e-06,-0.5616231781878696,9.138913200000109e-06,-0.19156153325597405,4.54034199000002e-06,-2.032072228951582,2.0100221900000437e-05,-1.1003874058318195,6.362737489999833e-06,-2.9408981015274236,2.192261739999979e-05,-0.0023562902661,0.0015886762152000009,-0.00311068136336,0.0061449664813,-0.050849371626299995
0.0026455664825,0.00216007665,0.00025023155016,0.006965719782499999,0.00289579803266,0.009611286265,-0.9035365963594435,1.8567485999998641e-06,-0.5573124731641695,9.448276299999815e-06,-0.19106569280307403,4.622647419999959e-06,-2.018161542687782,2.075330119999906e-05,-1.0946022891625196,6.479396019999986e-06,-2.9216981390472236,2.261004979999849e-05,-0.0023544335175000003,0.0016112862649999993,-0.00310420196734,0.006165719782499999,-0.050839923349999996
0.0026474569203,0.0021698283115,0.00025493491261,0.0069871135433,0.0029023918329100003,0.0096345704636,-0.8982435729566434,1.890437800000297e-06,-0.5529825682026696,9.75166149999986e-06,-0.19056052634030404,4.703362450000025e-06,-2.004208709361982,2.1393760800000883e-05,-1.0888040992969497,6.5938002500004304e-06,-2.9024522823186234,2.328419860000118e-05,-0.0023525430797,0.0016345704636000005,-0.0030976081670899998,0.0061871135433,-0.0508301716885
0.0026493803199,0.0021798768079,0.00025971724739,0.007009133935699999,0.00290909756729,0.0096585142556,-0.8929467357164436,1.92339959999982e-06,-0.5486328630832696,1.0048496400000013e-05,-0.19004587418030403,4.782334779999996e-06,-1.9902124618829822,2.2020392399998978e-05,-1.0829926098967497,6.705734379999599e-06,-2.8831591975994235,2.3943791999998798e-05,-0.0023506196801,0.0016585142555999993,-0.00309090243271,0.006209133935699999,-0.0508201231921
0.0026513358914,0.0021902150251999,0.00026457666181,0.0070317659417998,0.00291591255321,0.0096831018331998,-0.8876460195051434,1.9555715000002007e-06,-0.5442627712501698,1.0338217299900223e-05,-0.18952158027110402,4.859414420000014e-06,-1.9761715620054823,2.263200609980108e-05,-1.0771675997762495,6.8149859200001064e-06,-2.8638175815106237,2.4587577599800847e-05,-0.0023486641086,0.0016831018331998002,-0.00308408744679,0.0062317659417998,-0.0508097849748001
0.0026533227833,0.0022008352957,0.00026951111593,0.0070549933747,0.00292283389923,0.009708316158,-0.8823413608304436,1.986891899999864e-06,-0.5398717209292698,1.0620270500099997e-05,-0.18898749249336402,4.934454119999963e-06,-1.9620848026889823,2.322743290019986e-05,-1.0713288533238097,6.92134601999999e-06,-2.844426163519424,2.5214324800199722e-05,-0.0023466772167,0.0017083161579999999,-0.00307716610077,0.0062549933747,-0.0507991647043
0.0026553400841,0.0022117294103,0.0002745184256999,0.0070787989047,0.0029298585097999,0.0097341389888,-0.8770326979630435,2.0173007999999167e-06,-0.5354591562232698,1.089411460000007e-05,-0.18844346295173414,5.007309769900013e-06,-1.9479510104095825,2.3805529999999624e-05,-1.0654761609147796,7.024610569899767e-06,-2.824983708372624,2.5822830799999974e-05,-0.0023446599159,0.0017341389887999999,-0.0030701414902001003,0.006278798904699999,-0.0507882705897
0.0026573868234,0.0022228886308,0.0002795962663899,0.0071031640850000004,0.0029369830897899,0.0097605509084,-0.8717199710555436,2.0467393000000306e-06,-0.5310245381821698,1.1159220499999938e-05,-0.18788934825964432,5.077840690000015e-06,-1.9337690474198823,2.4365180300000774e-05,-1.0596093193151899,7.124579990000317e-06,-2.8054890184754244,2.6411919600000805e-05,-0.0023426131766,0.0017605509084000007,-0.0030630169102101,0.006303164085,-0.0507771113692
0.0026594619738,0.0022343037049999,0.00028474217643,0.0071280693837998,0.00294420415023,0.009787531357599799,-0.8664031222583435,2.0751503999999997e-06,-0.5265673458463699,1.1415074199899993e-05,-0.18732500981682443,5.1459100400999915e-06,-1.9195378139510826,2.4905298799799552e-05,-1.05372813207517,7.221060440099937e-06,-2.7859409362094247,2.698044919979825e-05,-0.0023405380262,0.001787531357599799,-0.00305579584977,0.0063280693837998,-0.0507656962950001
0.0026615644525,0.0022459648819,0.00028995356161,0.0071534942163,0.0029515180141100003,0.0098150586688,-0.8610820958320433,2.102478700000132e-06,-0.52208707725947,1.1661176900100087e-05,-0.18675031407878442,5.211385180000012e-06,-1.9052562503509831,2.5424832500200306e-05,-1.0478324099108298,7.313863880000198e-06,-2.7663383461830247,2.752731120020044e-05,-0.0023384355475,0.0018150586687999994,-0.00304848198589,0.0063534942163,-0.0507540351181
0.0026636931233,0.0022578619291,0.00029522769959,0.0071794169815,0.00295892082289,0.0098431101048,-0.8557568382562435,2.1286707999998607e-06,-0.51758325044847,1.1897047199999847e-05,-0.18616513281758443,5.274137979999975e-06,-1.8909233391531828,2.592276519999999e-05,-1.0419219710738297,7.402808779999673e-06,-2.7466801774094245,2.805143600000115e-05,-0.0023363068767,0.0018431101048000005,-0.00304107917711,0.0063794169815,-0.0507421380709
0.0026658467984,0.0022699841507,0.00030056174476,0.0072058150998,0.0029664085431600003,0.0098716618982,-0.8504272983345436,2.153675100000172e-06,-0.51305540436867,1.2122221599999896e-05,-0.18556934337323444,5.334045170000024e-06,-1.876538107071883,2.639811829999953e-05,-1.0359966417077797,7.487720270000359e-06,-2.7269654054064247,2.8551793400000136e-05,-0.0023341532016,0.0018716618982000006,-0.00303359145684,0.0064058150997999995,-0.0507300158493
0.0026680242408999,0.0022823204068,0.00030595273339,0.0072326650544999,0.0029739769742899,0.009900689295399799,-0.8450934272952435,2.1774424998999113e-06,-0.50850309981117,1.2336256100000092e-05,-0.18496282889508442,5.390988629999996e-06,-1.8620996269175834,2.684995469990053e-05,-1.03005625619033,7.568431129899907e-06,-2.7071930542128246,2.902739719979827e-05,-0.0023319757591001,0.001900689295399799,-0.0030260230257101,0.0064326650544999,-0.0507176795932
0.0026702241666,0.0022948591341,0.0003113975890899,0.0072599424348,0.0029816217556899,0.0099301666014,-0.8397551788877435,2.199925700099945e-06,-0.5039259202702701,1.2538727300000045e-05,-0.18434547857260453,5.4448556999e-06,-1.8476070194282834,2.7277380300099602e-05,-1.02410065746035,7.64478139999962e-06,-2.687362198316025,2.9477306000200848e-05,-0.0023297758334,0.0019301666013999998,-0.0030183782443101003,0.0064599424348,-0.0507051408659
0.002672445247,0.0023075883678,0.0003168931286,0.0072876219826,0.0029893383756,0.0099600672296,-0.8344125094741437,2.221080400000193e-06,-0.4993234727683701,1.2729233699999842e-05,-0.18371718785491464,5.495539510100007e-06,-1.8330594550108834,2.7679547799999878e-05,-1.0181296973290601,7.716619910100309e-06,-2.667471964485025,2.990062820000007e-05,-0.002327554753,0.0019600672296,-0.0030106616244,0.0064876219825999995,-0.0506924116322
0.0026746861114,0.0023204957635999,0.0003224360678,0.007315677638599799,0.0029971221792,0.0099903637499998,-0.8290653781157435,2.2408643999996362e-06,-0.49469538863697016,1.2907395799900169e-05,-0.18307785865851464,5.54293919999998e-06,-1.8184561553896836,2.805565599979954e-05,-1.01214323677426,7.783803599999833e-06,-2.647521533505425,3.0296520399800478e-05,-0.0023253138886000003,0.0019903637499998003,-0.0030028778208,0.006515677638599799,-0.0506795042364001
0.0026769453494,0.0023335686219,0.00032802302797,0.0073440825932,0.00300496837737,0.0100210279426,-0.8237137466549436,2.2592380000000314e-06,-0.4900413242514702,1.3072858300100087e-05,-0.18242739956274465,5.58696017000001e-06,-1.8037963951578835,2.8404954600200205e-05,-1.0061411462176901,7.846198170000096e-06,-2.6275101418128255,3.066419260019937e-05,-0.0023230546506000003,0.0020210279425999997,-0.00299503162263,0.006544082593199999,-0.0506664313781
0.0026792215141,0.0023467939123,0.00033365054239,0.0073728093387,0.00301287205649,0.0100520308528,-0.8183575797914436,2.2761647000000065e-06,-0.48536096171727017,1.322529040000001e-05,-0.18176572599238464,5.627514419999998e-06,-1.7890795032259836,2.8726745500000025e-05,-1.00012330578383,7.903679119999896e-06,-2.607437083017426,3.10029102000009e-05,-0.0023207784859000003,0.0020520308528000006,-0.00298712794351,0.006572809338699999,-0.0506532060877
0.0026815131246,0.0023601582988,0.0003393150630299,0.0074018297222,0.0030208281876299,0.0100833428468,-0.8129968451527435,2.291610500000131e-06,-0.48065400950617015,1.3364386500000058e-05,-0.18109276038696473,5.664520639900013e-06,-1.7743048641650834,2.9020383500000246e-05,-0.99408960553971,7.95613113990009e-06,-2.587301709317826,3.131199399999951e-05,-0.0023184868754,0.0020833428468,-0.0029791718123701,0.0066018297221999995,-0.0506398417012
0.0026838186691,0.002373648166,0.00034501296756,0.007431115001100001,0.00302883163666,0.0101149336702,-0.8076315133590436,2.3055444999999647e-06,-0.47592020304137017,1.3489867199999953e-05,-0.18040843235637485,5.697904530100001e-06,-1.7594719194417836,2.928527890000074e-05,-0.9880399457154201,8.003449030099911e-06,-2.5671034328008258,3.159082339999897e-05,-0.0023161813309,0.002114933670199999,-0.00297116836334,0.0066311150011,-0.050626351834
0.0026861366076,0.0023872496461,0.00035074056649,0.0074606358998,0.0030368771740899997,0.010146772507399999,-0.8022615580823436,2.3179384999998803e-06,-0.4711593052292702,1.3601480099999924e-05,-0.17971267882232486,5.727598929999964e-06,-1.7445801685408835,2.952089869999973e-05,-0.9819742369046701,8.045537429999736e-06,-2.5468417266232257,3.183883719999961e-05,-0.0023138633924000003,0.0021467725073999987,-0.0029631228259100004,0.0066606358998,-0.0506127503539
0.0026884653751,0.0024009486465,0.00035649411049,0.0074903626681,0.00304495948559,0.0101788280432,-0.7968869560996437,2.328767499999978e-06,-0.46637110693667017,1.3699000400000175e-05,-0.17900544414534486,5.753544000000046e-06,-1.7296291699729835,2.9726768299999894e-05,-0.97589240024499,8.082311500000241e-06,-2.5265161260726257,3.205553580000117e-05,-0.0023115346249000003,0.0021788280432,-0.00295504051441,0.0066903626681,-0.0505990513535
0.002690803385,0.0024147308778,0.00036226979791,0.0075202651406,0.00305307318291,0.010211068525600001,-0.7915076873395437,2.338009900000257e-06,-0.4615554274123702,1.378223129999993e-05,-0.17828668023694488,5.775687419999956e-06,-1.7146185421642834,2.9902472500000117e-05,-0.96979436757649,8.11369732000005e-06,-2.506126229503826,3.224048240000124e-05,-0.002309196615,0.002211068525600001,-0.00294692681709,0.0067202651406,-0.050585269122199995
0.0026931490317,0.0024285818825,0.0003680637823699,0.0075503127967,0.0030612128140699,0.0102434618284,-0.7861237349228438,2.345646699999926e-06,-0.4567121146520702,1.3851004699999992e-05,-0.17755634665666498,5.793984459900024e-06,-1.699547964226983,3.004765609999991e-05,-0.96368008157951,8.139631159899841e-06,-2.4856716991498256,3.239330279999897e-05,-0.0023068509683,0.0022434618284,-0.0029387871859301003,0.0067503127967,-0.050571418117499996
0.0026955006946,0.0024424870641999,0.00037387218048,0.0075804748229998,0.0030693728750799997,0.0102759755175998,-0.7807350851965439,2.3516628999999123e-06,-0.45184104570537026,1.3905181699899738e-05,-0.1768144106938151,5.8083981101000035e-06,-1.6844171766072833,3.0162026299799388e-05,-0.9575494958903601,8.160061010099862e-06,-2.465152261803826,3.25136891997993e-05,-0.0023044993054,0.0022759755175997994,-0.0029306271249200004,0.006780474822999799,-0.050557512935800096
0.0026978567404,0.0024564317166,0.0003796910797,0.0076107201736,0.0030775478201,0.010308576914,-0.7753417277615439,2.35604580000031e-06,-0.44694212692457036,1.3944652400100198e-05,-0.1760608474336351,5.818899219999993e-06,-1.6692259816106834,3.0245350600200706e-05,-0.9514025751951802,8.174945020000303e-06,-2.4445677093722264,3.2601396400201016e-05,-0.0023021432596,0.0023085769140000004,-0.0029224521799,0.0068107201736,-0.050543568283399995
0.0027002155273,0.0024704010537,0.00038551654624,0.007641017634699999,0.00308573207354,0.010341233161999999,-0.7699436554938439,2.3587868999996355e-06,-0.4420152941542703,1.3969337099999785e-05,-0.17529563980769508,5.8254665399999845e-06,-1.6539742438023834,3.029746109999877e-05,-0.94523929530154,8.184253439999945e-06,-2.4239178992962263,3.265624799999797e-05,-0.0022997844727000003,0.0023412331619999983,-0.00291426792646,0.006841017634699999,-0.0505295989463
0.0027025754078,0.0024843802395,0.0003913446330099,0.0076713358868,0.0030939200408098997,0.0103739112946,-0.7645408645587438,2.359880500000123e-06,-0.4370605128610703,1.3979185800000286e-05,-0.17451877862844517,5.828086769900007e-06,-1.6386618902808836,3.031825210000113e-05,-0.9390596431871902,8.187967269899805e-06,-2.4032027548396266,3.2678132600001686e-05,-0.0022974245922,0.0023739112946,-0.0029060799591901004,0.0068713358868,-0.0505156197605
0.0027049347324,0.002498354418,0.00039717138758,0.0077016435684,0.00310210611998,0.0104065783008,-0.7591333544185439,2.3593246000000456e-06,-0.4320777782035703,1.3974178499999868e-05,-0.1737302626078553,5.826754570099988e-06,-1.6232889108256836,3.0307681599999782e-05,-0.9328636170264002,8.186079170100467e-06,-2.3824222652442266,3.266700619999896e-05,-0.0022950652676,0.002406578300799999,-0.00289789388002,0.0069016435684,-0.050501645582
0.0027072918523,0.0025123087433,0.0004029928602699,0.0077319093389,0.0031102847125699,0.010439201191199999,-0.7537211278338438,2.3571198999997912e-06,-0.4270671150422703,1.3954325300000094e-05,-0.1729300983600054,5.821472689900009e-06,-1.6078553579183836,3.0265770500000413e-05,-0.9266512261938502,8.178592589899638e-06,-2.3615764857522263,3.262289039999977e-05,-0.0022927081477000003,0.0024392011911999988,-0.0028897152874301003,0.0069319093389,-0.050487691256699996
0.0027096451236,0.0025262284098,0.00040880511206,0.0077621019432,0.0031184502356600002,0.0104717470668,-0.7483041908579439,2.3532713000003376e-06,-0.42202857788917025,1.391966649999998e-05,-0.17211830038767548,5.812251790100005e-06,-1.5923613466362836,3.0192604299999863e-05,-0.9204224912456203,8.165523090100397e-06,-2.3406655374942265,3.2545875600000634e-05,-0.0022903548764,0.0024717470667999994,-0.00288154976434,0.0069621019432,-0.0504737715902
0.0027119929099,0.0025400986821,0.0004146042226,0.0077921902741,0.0031265971324999997,0.010504183184,-0.7428825528244438,2.347786299999703e-06,-0.41696225079727023,1.387027229999985e-05,-0.17129489105301549,5.799110540000022e-06,-1.5768070544189836,3.0088330899999405e-05,-0.9141774438774604,8.146896839999508e-06,-2.3196896072434265,3.2436117199999975e-05,-0.0022880070901000003,0.0025041831839999994,-0.0028734028675000004,0.006992190274099999,-0.0504599013179
0.0027143335861,0.0025539049246,0.00042038629816,0.0078221434353,0.00313471988426,0.010536477021399999,-0.7374562263284439,2.3406762000000546e-06,-0.41186824719057025,1.3806242500000003e-05,-0.17045990053225546,5.782075560000009e-06,-1.5611927207095837,2.9953161199999627e-05,-0.9079161268607004,8.122751760000334e-06,-2.2986489470380267,3.229383739999925e-05,-0.0022856664139,0.0025364770213999986,-0.00286528011574,0.007022143435299999,-0.0504460950754
0.0027166655413,0.0025676326314,0.00042614747944,0.0078519308041,0.00314281302074,0.0105685963454,-0.7320252272010439,2.3319552000002075e-06,-0.4067467096345702,1.3727706799999875e-05,-0.16961336675465546,5.761181279999978e-06,-1.5455186464701836,2.9787368800000824e-05,-0.9016385939557005,8.09313647999986e-06,-2.2775438736712266,3.211932400000103e-05,-0.0022833344587,0.0025685963453999996,-0.00285718697926,0.0070519308041,-0.050432367368599997
0.0027189871824,0.0025812674550999,0.00043188394935,0.0078815220925998,0.00315087113175,0.0106005092749998,-0.7265895744773438,2.3216410999999174e-06,-0.40159780954807034,1.363482369990017e-05,-0.16875533532586545,5.736469910000018e-06,-1.5297851935734839,2.959128849979939e-05,-0.8953449098032105,8.05811101000026e-06,-2.2563747680508266,3.1912929599800174e-05,-0.0022810128176,0.0026005092749998,-0.00284912886825,0.007081522092599799,-0.0504187325449001
0.0027212969368999,0.0025947952357,0.00043759194069,0.0079108874082999,0.0031588888775899,0.010632184345199799,-0.721149290358044,2.3097544998998756e-06,-0.3964217468572704,1.3527780600099907e-05,-0.16788585943582546,5.707991339999976e-06,-1.513992784072584,2.936531570009969e-05,-0.8890351497938705,8.017745839899743e-06,-2.2351420744306267,3.16750701999987e-05,-0.0022787030631001,0.0026321843451997985,-0.0028411111224101,0.007110887408299899,-0.0504052047643
0.0027235932565,0.0026082020293,0.00044326774365,0.007939997315099999,0.00316686100015,0.0106635905716,-0.7157044001646441,2.296319600100013e-06,-0.3912187495922703,1.3406793600000046e-05,-0.16700499975148547,5.675802959999993e-06,-1.4981418993491842,2.9109906800099672e-05,-0.8827093999161306,7.972122560099843e-06,-2.2138462995138273,3.140622640020185e-05,-0.0022764067435,0.0026635905716000004,-0.0028331389998500003,0.0071399973150999985,-0.0503917979707
0.0027258746199,0.0026214741350999,0.00044890771322,0.0079688228900998,0.00317478233312,0.010694697509999799,-0.7102549322882441,2.281363400000007e-06,-0.3859890734278704,1.3272105799900027e-05,-0.1661128242946155,5.639969570000016e-06,-1.4822330791439842,2.882557499980093e-05,-0.8763677565828606,7.92133297000024e-06,-2.1924880114322276,3.1106938399798334e-05,-0.0022741253801,0.0026946975099997987,-0.00282521766688,0.0071688228900997995,-0.050378525864900096
0.0027281395355,0.0026345981233,0.00045450827638,0.0079973357821,0.00318264781188,0.0107254753176,-0.7048009181328441,2.264915599999983e-06,-0.3807330011694705,1.3123988200100176e-05,-0.1652094083050155,5.600563159999998e-06,-1.4662669204717846,2.8512892000200768e-05,-0.8700103264378606,7.86547876000009e-06,-2.1710678386046274,3.0777807600201185e-05,-0.0022718604645,0.0027254753176,-0.00281735218812,0.0071973357821,-0.0503654018767
0.0027303865451999,0.0026475608609,0.00046006593914,0.0080255082669999,0.0031904524843399,0.010755894812199799,-0.6993423920521442,2.2470096999000974e-06,-0.37545084218527053,1.2962737599999784e-05,-0.1642948340894955,5.557662759999985e-06,-1.4502440764226847,2.8172484899899666e-05,-0.8636372261416407,7.804672459899974e-06,-2.1495864684748276,3.0419494599798896e-05,-0.0022696134548001,0.002755894812199799,-0.0028095475156601,0.0072255082669999,-0.0503524391391
0.0027326142265,0.0026603495376999,0.00046557729338,0.0080533133018998,0.00319819151988,0.0107859275283998,-0.6938793912804443,2.2276813001001483e-06,-0.3701429317866707,1.27886767999001e-05,-0.16336919085697552,5.5113542399999995e-06,-1.4341652548537853,2.780503489989948e-05,-0.8572485821374208,7.73903554010004e-06,-2.128044646134228,3.0032716200001364e-05,-0.0022673857735,0.0027859275283998,-0.00280180848012,0.007253313301899799,-0.0503396504623001
0.0027348211953,0.002672951691,0.00047103902345,0.0080807245773,0.00320586021875,0.0108155457726,-0.6884119558586443,2.206968799999681e-06,-0.36480963055797083,1.2602153300100057e-05,-0.1624325745401455,5.461730070000013e-06,-1.4180312169745857,2.7411275400200663e-05,-0.8508445303987908,7.668698869999803e-06,-2.1064431728332282,2.9618244200200344e-05,-0.0022651788047000003,0.0028155457726000005,-0.00279413978125,0.0072807245773,-0.050327048309
0.0027370061092,0.0026853552299,0.0004764479125199,0.008107716569,0.0032134540217199,0.0108447226782,-0.6829401285541443,2.1849139000000746e-06,-0.35945132363707083,1.2403538899999952e-05,-0.1614850876041756,5.4088890698999895e-06,-1.4018427758282859,2.6991991700000412e-05,-0.8444252161583209,7.593802969899956e-06,-2.084782904382428,2.9176905600000053e-05,-0.0022629938908,0.0028447226782000005,-0.0027865459782801002,0.0073077165690000005,-0.050314644770099996
0.0027391676691,0.0026975484576999,0.00048180084875,0.0081342645844998,0.00322096851785,0.0108734322535998,-0.6774639547758443,2.161559900000151e-06,-0.3540684199494709,1.219322779989979e-05,-0.1605268388429057,5.352936230100037e-06,-1.3856007946747861,2.6548015499798863e-05,-0.837990793618751,7.514496130100242e-06,-2.0630647494506285,2.8709575399799014e-05,-0.0022608323309,0.0028734322535997996,-0.00277903148215,0.007334264584499799,-0.0503024515423001
0.0027413046226,0.0027095200941,0.00048709483105,0.0081603448108,0.0032283994536500002,0.0109016494334,-0.6719834824841443,2.1369535000001147e-06,-0.348661351397671,1.1971636400100096e-05,-0.1595579431631057,5.293982299999986e-06,-1.3693061852794863,2.6080226300200307e-05,-0.831541425647251,7.4309358000001005e-06,-2.0412896677636283,2.8217179800199554e-05,-0.0022586953774,0.002901649433399999,-0.00277160054635,0.0073603448108,-0.0502904799059
0.0027434157656,0.0027212592965,0.00049232697474,0.0081859343586,0.00323574274034,0.0109293501242,-0.6664987620959443,2.1111429999998155e-06,-0.34323057200707097,1.1739202400000166e-05,-0.15857852135731568,5.2321436900000366e-06,-1.3529599061100863,2.558954779999928e-05,-0.8250772834532609,7.343286689999798e-06,-2.0194586682060285,2.770069080000083e-05,-0.0022565842344,0.0029293501242,-0.00276425725966,0.007385934358599999,-0.0502787407035
0.0027454999449,0.0027327556792,0.00049749451675,0.0082110113033,0.0032429944616500003,0.0109565112482,-0.6610098463854442,2.0841793000000476e-06,-0.33777655703137094,1.149638269999989e-05,-0.1575886998658257,5.167542009999965e-06,-1.3365629604481861,2.507694470000113e-05,-0.8185985462512708,7.2517213100002295e-06,-1.9975728068336287,2.7161124000000744e-05,-0.0022545000551,0.0029565112482000007,-0.00275700553835,0.0074110113033,-0.0502672443208
0.0027475560599,0.0027439993325,0.0005025948206,0.0082355547249,0.0032501508805,0.0109831107848,-0.6555167903806443,2.0561149999998203e-06,-0.3322998020196709,1.1243653300000225e-05,-0.15658861052847567,5.1003038500000266e-06,-1.3201163944199865,2.4543421599999837e-05,-0.8121054009091208,7.1564188499997385e-06,-1.9756331848006288,2.6599536599999224e-05,-0.0022524439401000003,0.0029831107848,-0.0027498491195,0.0074355547249,-0.050256000667499995
0.0027495830652,0.0027549808397,0.0005076253809999,0.0082595447446,0.0032572084461998997,0.011009127809799998,-0.6500196512555443,2.027005299999954e-06,-0.32680082184747083,1.0981507199999633e-05,-0.15557839032687576,5.030560399899931e-06,-1.3036212949504864,2.3990019700000087e-05,-0.8055980415824209,7.057565699899668e-06,-1.9536409462060287,2.6017024999998306e-05,-0.0022504169348000003,0.0030091278097999982,-0.0027427915538001005,0.0074595447446,-0.0502450191603
0.0027515799714,0.0027656912935,0.0005125838282,0.008282962558400001,0.0032641637996,0.0110345425298,-0.6445184882189443,1.9969062000002244e-06,-0.3212801497142709,1.0710453800000328e-05,-0.15455818111767589,4.958447200099979e-06,-1.2870787876474865,2.341781380000088e-05,-0.799076669336621,6.9553534001003114e-06,-1.9315972758664288,2.5414720000001972e-05,-0.0022484200286,0.0030345425298,-0.0027358362004,0.007482962558400001,-0.050234308706499996
0.0027535458479,0.0027761223108,0.0005174679318899,0.0083057904695,0.0032710137797899,0.0110593363174,-0.6390133623996443,1.96587649999979e-06,-0.31573833610997093,1.0431017299999956e-05,-0.15352812935758597,4.884103689900012e-06,-1.2704900346195864,2.2827911099998835e-05,-0.7925414917572311,6.84998018989991e-06,-1.9095033970192288,2.4793787599999492e-05,-0.0022464541521000003,0.0030593363173999997,-0.0027289862202101002,0.0075057904695,-0.050223877689199996
0.0027554798231999,0.0027862660460999,0.00052227560478,0.0083280119153997,0.0032777554279799,0.011083491738599599,-0.6335043367285444,1.9339752999002723e-06,-0.31017594775307106,1.0143735299899745e-05,-0.15248838582091606,4.807672890099987e-06,-1.2538562322346867,2.2221445899700196e-05,-0.7859927225494613,6.74164819000015e-06,-1.8873605689632293,2.4155421199599167e-05,-0.0022445201768001,0.003083491738599599,-0.0027222445720201,0.0075280119153997,-0.0502137339539001
0.0027573810874,0.0027961152038,0.0005270049059,0.008349611495,0.0032843859933000003,0.0111069925824,-0.6279914758179446,1.9012642001000647e-06,-0.3045935665031712,9.849157700100083e-06,-0.15143910531023608,4.729301120000003e-06,-1.237178608824287,2.159957960029893e-05,-0.7794305811281814,6.6305653201002845e-06,-1.8651700846422299,2.3500843800400295e-05,-0.0022426189126,0.003106992582399999,-0.0027156140067,0.007549611494999999,-0.0502038847962
0.0027592488925,0.0028056630488,0.00053165404337,0.0083705749901,0.0032909029358699996,0.0111298238826,-0.6224748458380445,1.8678050999997031e-06,-0.29899178825057116,9.547845000000034e-06,-0.1503804463609661,4.649137470000026e-06,-1.2204584223391872,2.0963495100001506e-05,-0.7728552921990114,6.5169425699992956e-06,-1.84293326817723,2.283130020000121e-05,-0.0022407511075000002,0.0031298238826000004,-0.0027090970641300005,0.0075705749901,-0.0501943369512
0.0027610825539,0.0028149034156999,0.00053622137691,0.0083908893852998,0.00329730393081,0.0111519719391998,-0.6169545143916444,1.8336614000000022e-06,-0.2933712217860712,9.240366899899988e-06,-0.1493125709406861,4.567333540000007e-06,-1.2036969579637873,2.0314395199798677e-05,-0.7662670853323313,6.400994940000335e-06,-1.82065147235543,2.2148056599799112e-05,-0.0022389174461000002,0.0031519719391997995,-0.00270269606919,0.007590889385299799,-0.0501850965843001
0.0027628814511,0.0028238307168,0.00054070541994,0.008410542884699999,0.00330358687104,0.0111734243358,-0.6114305503866444,1.7988971999999617e-06,-0.2877324876535713,8.927301100099868e-06,-0.14823564414383608,4.484043030000048e-06,-1.1868955256937876,1.9653499400199698e-05,-0.7596661945304815,6.282940230000009e-06,-1.79832607608043,2.1452396600200527e-05,-0.0022371185489000003,0.0031734243358,-0.00269641312896,0.007610542884699999,-0.0501761692832
0.0027646450284999,0.0028324399485999,0.00054510484125,0.0084295249256997,0.0033097498697499,0.0111941699541996,-0.6059030239070445,1.7635773999001396e-06,-0.28207621698817137,8.609231799900155e-06,-0.1471498338826461,4.399421309999999e-06,-1.1700554578833882,1.8982040999700883e-05,-0.7530528577896914,6.1629987099000305e-06,-1.7759584817904306,2.0745618399599722e-05,-0.0022353549715001,0.0031941699541995997,-0.0026902501302501,0.0076295249256996996,-0.0501675600514001
0.0027663727959,0.0028407266963,0.00054941846632,0.008447826188499999,0.00331579126222,0.0112141989844,-0.6003720060826446,1.7277674001000415e-06,-0.27640305034327145,8.286747700099895e-06,-0.1460553105750761,4.313625069999921e-06,-1.1531781067691882,1.8301262800298965e-05,-0.7464273166577216,6.0413924700998545e-06,-1.7535501128518312,2.002903020040074e-05,-0.0022336272041,0.0032141989844000005,-0.0026842087377800003,0.0076478261884999985,-0.0501592733037
0.0027680643286999,0.0028486871375,0.00055364527823,0.0084654386036999,0.0033217096069299,0.011233502932399799,-0.5948375689580447,1.6915327998999648e-06,-0.2707136365094715,7.960441200000144e-06,-0.1449522468305261,4.22681191000003e-06,-1.1362648419769887,1.7612415199900686e-05,-0.7397898157885716,5.918344709900103e-06,-1.7311024109350313,1.9303947999798482e-05,-0.0022319356713001,0.003233502932399799,-0.0026782903930701,0.007665438603699899,-0.0501513128625
0.0027697192686,0.0028563180442,0.00055778441813,0.008482355357,0.00332750368673,0.0112520746256,-0.5892997853607448,1.6549399000998291e-06,-0.26500863132777147,7.630906700000026e-06,-0.1438408171341661,4.139139900000014e-06,-1.1193170480162888,1.6916753300099882e-05,-0.7331406024949118,5.79407980010006e-06,-1.7086168333770313,1.857169320020058e-05,-0.0022302807314000003,0.0032520746255999995,-0.00267249631327,0.007682355356999999,-0.0501436819558
0.0027713373231,0.0028636167829,0.00056183518539,0.0084985708889,0.00333317250849,0.011269908212,-0.5837587287690448,1.6180545000001045e-06,-0.2592886965006715,7.298738699999807e-06,-0.1427211975306461,4.0507672600000174e-06,-1.1023361217703886,1.621553189999972e-05,-0.7264799262996917,5.668821759999797e-06,-1.6860948505394313,1.7833586399999823e-05,-0.0022286626769,0.0032699082119999993,-0.0026668274915100003,0.007698570888899999,-0.0501363832171
0.0027729182657,0.0028705813136,0.0005657970372999,0.008514080892899999,0.0033387153029999,0.0112869991586,-0.5782144731802448,1.5809425999999474e-06,-0.2535544984041715,6.964530699999933e-06,-0.1415935653079562,3.961851909899962e-06,-1.0853234699885888,1.5510003999999813e-05,-0.7198080384882019,5.542794509900018e-06,-1.6635379431688315,1.7090946600000628e-05,-0.0022270817343000003,0.0032869991586,-0.0026612846970001003,0.007714080892899999,-0.0501294186864
0.0027744619355,0.0028772101873,0.00056966958833,0.0085288823101,0.0033441315238300004,0.0113033442456,-0.5726670929790447,1.543669800000303e-06,-0.24780670690327145,6.628873700000211e-06,-0.1404580986823263,3.8725510301000545e-06,-1.0682805067855887,1.4801417200000291e-05,-0.7131251916613719,5.4162208301005745e-06,-1.6409475997646314,1.634508700000016e-05,-0.0022255380645,0.0033033442456,-0.0026558684761699997,0.007728882310099999,-0.0501227898127
0.0027759682366999,0.0028835025419,0.00057345260913,0.0085429733204999,0.0033494208458298997,0.0113189415571998,-0.5671166628068449,1.5063011998997337e-06,-0.2420459941740714,6.292354600000161e-06,-0.1393149764848663,3.783020800000002e-06,-1.051208651154989,1.4091010399900489e-05,-0.7064316392917119,5.289321999899302e-06,-1.6183253139618314,1.559731159979892e-05,-0.0022240317633001002,0.003318941557199799,-0.0026505791541701004,0.007742973320499899,-0.0501164974581
0.0027774371382,0.0028894580964,0.00057714602496,0.008556353331000001,0.00335458316316,0.0113337904692,-0.5615632574319451,1.4689015000999596e-06,-0.23627303353577145,5.955554499999932e-06,-0.1381643778507763,3.6934158299999163e-06,-1.034109324503489,1.3380010500101125e-05,-0.699727635282722,5.162317330100093e-06,-1.5956725819354318,1.484891200020065e-05,-0.0022225628618000003,0.0033337904691999997,-0.0026454168368400003,0.0077563533310000005,-0.050110541903599995
0.0027788686725,0.0028950771443,0.00058074991388,0.0085690229611,0.00335961858638,0.011347891633600001,-0.5560069516212451,1.4315343000001653e-06,-0.23048849829507145,5.619047900000049e-06,-0.1370064819119363,3.6038889200000262e-06,-1.0169839482113887,1.2669630099999829e-05,-0.6930134335331821,5.0354232200003e-06,-1.5729908998326316,1.4101164400001295e-05,-0.0022211313275,0.003347891633600001,-0.00264038141362,0.0077690229611,-0.0501049228557
0.0027802629351,0.0029003605448,0.00058426450449,0.0085809840247,0.00336452743959,0.0113612469598,-0.5504478200136451,1.3942625999999528e-06,-0.22469306060597144,5.283400499999941e-06,-0.1358414674935663,3.5145906100000684e-06,-0.9998339412255889,1.1961063599999835e-05,-0.686289287507212,4.908853209999696e-06,-1.5502817612392317,1.3355326199998921e-05,-0.0022197370649,0.0033612469598,-0.0026354725604100003,0.0077809840247,-0.0500996394552
0.002781620083,0.0029053097131999,0.0005876901733,0.0085922395093998,0.0033693102563,0.0113738595923998,-0.5448859369955451,1.3571478999999803e-06,-0.21888739034797156,4.949168399900113e-06,-0.13466951281577627,3.4256688099999376e-06,-0.9826607176914891,1.125548469979934e-05,-0.6795554498113219,4.782816710000026e-06,-1.5275466546870318,1.261263259979932e-05,-0.002218379917,0.0033738595923997992,-0.0026306897437000003,0.0077922395093997995,-0.050094690286800095
0.002782940334,0.0029099266093,0.00059102744175,0.0086027935526,0.00337396777575,0.0113857338866,-0.5393213765785451,1.3202510000002651e-06,-0.21307215402547164,4.616896100099761e-06,-0.13349079520072626,3.3372684500000346e-06,-0.9654656846294892,1.0554043200199786e-05,-0.6728121717792719,4.6575194500003e-06,-1.5047870612080319,1.1874294200200919e-05,-0.002217059666,0.0033857338866,-0.00262603222425,0.007802793552599999,-0.0500900733907
0.0027842239648,0.0029142137251,0.00059427697284,0.008612651415,0.00337850093764,0.011396875379800001,-0.5337542122797451,1.2836307999998346e-06,-0.20724801369107165,4.287115800000185e-06,-0.13230549078613624,3.249531089999976e-06,-0.9482502396618893,9.857862400000639e-06,-0.6660597030658819,4.533161889999811e-06,-1.4820044519416318,1.1141493200000907e-05,-0.0022157760352,0.003396875379800001,-0.00262149906236,0.007812651415,-0.0500857862749
0.0027854713095,0.0029181740710999,0.00059743956745,0.0086218194516998,0.0033829108769500003,0.011407290761199802,-0.5281845170054451,1.2473447000001074e-06,-0.20141562589487177,3.960345999900073e-06,-0.13111377424584625,3.1625946100000395e-06,-0.9310157687951895,9.16803669979982e-06,-0.6592982912512919,4.409939310000364e-06,-1.459200285800632,1.041538139980036e-05,-0.0022145286905,0.0034072907611998014,-0.00261708912305,0.0078218194516998,-0.0500818259289001
0.0027866827584999,0.0029218111605,0.00060051616029,0.0086303050794999,0.0033871989187899,0.0114169878379998,-0.5226123629374452,1.2114489998998543e-06,-0.19557564066327182,3.6370894000996475e-06,-0.12991581851810624,3.076592839999933e-06,-0.9137636442639899,8.48562780009915e-06,-0.652528181455552,4.2880418398998955e-06,-1.4363760072014324,9.697076799998136e-06,-0.0022133172415001,0.0034169878379997996,-0.0026128010812101,0.007830305079499899,-0.0500781888395
0.0027878587558,0.0029251289931999,0.00060350781554,0.0086381167421998,0.0033913665713400003,0.011425975497999799,-0.5170378214231452,1.1759973001001026e-06,-0.18972870050957197,3.3178326998999953e-06,-0.12871179454227624,2.9916552500000235e-06,-0.8964952224422902,7.811662699900093e-06,-0.6457496159654221,4.167652550100126e-06,-1.413533043865433,8.987659999999328e-06,-0.0022121412442,0.003425975497999799,-0.00260863342866,0.007838116742199799,-0.050074871006800095
0.0027889997976999,0.0029281320382,0.0006064157221599,0.0086452638740999,0.0033954155198598,0.0114342636717998,-0.5114609628696454,1.1410418998998584e-06,-0.18387543947817203,3.0030450001001206e-06,-0.12750187100457636,2.907906619900049e-06,-0.8792118418259904,7.147131900100967e-06,-0.6389628338742224,4.048948519799582e-06,-1.3906728046956336,8.288173800000825e-06,-0.0022110002023001,0.0034342636717997997,-0.0026045844801402002,0.0078452638740999,-0.0500718679618
0.0027901064305,0.0029308252148,0.00060924118893,0.0086517568601,0.00339934761943,0.011441863290599999,-0.5058818566414456,1.1066328000999305e-06,-0.17801648222517208,2.6931766000000412e-06,-0.12628621409348645,2.8254667700999218e-06,-0.8619148210917906,6.492986000099579e-06,-0.6321680707349325,3.932099570200069e-06,-1.3677966777332338,7.599618800199076e-06,-0.0022098935695,0.003441863290599999,-0.00260065238057,0.0078517568601,-0.050069174785199996
0.0027911792481999,0.0029332138728,0.00061198563911,0.0086576069937999,0.0034031648873099,0.0114487862419998,-0.5003005709627457,1.0728176998999438e-06,-0.17215244313757205,2.3886579999998422e-06,-0.12506498726544646,2.744450179999994e-06,-0.8446054572378907,5.850133699900062e-06,-0.6253655582281927,3.817267879899829e-06,-1.344906028200634,6.922951399800439e-06,-0.0022088207518001003,0.0034487862419997992,-0.0025968351126901003,0.0078576069937999,-0.050066786127199996
0.0027922188904,0.0029353037715,0.0006146506049899,0.0086628264334,0.0034068694953899,0.011455045323800001,-0.4947171728241458,1.0396422001003776e-06,-0.1662839254932721,2.0898987000000924e-06,-0.12383835102134656,2.664965879900028e-06,-0.827285023810691,5.219439600100129e-06,-0.6185555238454928,3.7046080800001886e-06,-1.3220021966348343,6.259081800201807e-06,-0.0022077811096,0.003455045323800001,-0.0025931305046101,0.0078628264334,-0.050064696228499996
0.0027932260395999,0.0029371010580999,0.00061723772201,0.0086674281557997,0.0034104637616099,0.0114606541953996,-0.4891317278941459,1.0071491998997484e-06,-0.16041152066367215,1.7972865999000588e-06,-0.12260646269434666,2.5871170201000656e-06,-0.8099547692214912,4.601722399700733e-06,-0.6117381905884931,3.594266220000031e-06,-1.2990864971156348,5.608871599598747e-06,-0.0022067739604001,0.0034606541953996,-0.0025895362383901,0.0078674281557997,-0.0500628989419001
0.0027942014189999,0.0029386122446999,0.00061974872271,0.0086714259083997,0.0034139501417098997,0.0114656273273996,-0.4835443004355461,9.753793999999795e-07,-0.15453580736087236,1.5111865999998218e-06,-0.12136947624962668,2.5110006999999167e-06,-0.7926159151572918,3.997752599998322e-06,-0.6049137766851732,3.4863800999996794e-06,-1.2761602155928358,4.973131999999603e-06,-0.0022057985810001,0.0034656273273995994,-0.0025860498582901004,0.007871425908399699,-0.0500613877553001
0.0027951457896999,0.0029398441851,0.0006221854305,0.0086748341598999,0.0034173312201999,0.0114699799495998,-0.4779549532268463,9.443706999998948e-07,-0.14865735093107246,1.2319404001002142e-06,-0.12012754209641668,2.436707790000087e-06,-0.7752696550889921,3.408251500200757e-06,-0.5980824953232634,3.381078490000307e-06,-1.2532246083158363,4.352622200200218e-06,-0.0022048542103001003,0.0034699799495997996,-0.0025826687798001,0.0078748341598999,-0.0500601558149
0.0027960599479999,0.0029408040499,0.00062454975315,0.008677668047799899,0.0034206097011499,0.0114737279957998,-0.47236374748914645,9.14158300000141e-07,-0.14277670269607246,9.598647999998697e-07,-0.11888080691276669,2.3643226499999587e-06,-0.7579171528812925,2.833887899999013e-06,-0.5912445544019136,3.2784809500000997e-06,-1.2302809003704365,3.7480462000000214e-06,-0.0022039400520001,0.0034737279957997996,-0.0025793902988501,0.007877668047799899,-0.0500591959501
0.0027969447225,0.002941499302,0.00062684367611,0.0086799433265,0.0034237883986099997,0.011476888049,-0.4667707428186465,8.847745000999455e-07,-0.13689439934417247,6.952520999999393e-07,-0.11762941348350668,2.293922959999985e-06,-0.7405595415069928,2.2752787001006913e-06,-0.5844001563021537,3.1786974600996054e-06,-1.2073302843256366,3.1600532001997694e-06,-0.0022030552775,0.0034768880489999994,-0.0025762116013900004,0.0078799433265,-0.050058500698
0.0027978009715,0.0029419376703,0.0006290692556699,0.0086816763121,0.0034268702271699,0.0114794772836,-0.4611759971246465,8.562489999999062e-07,-0.13101096237187249,4.383683000000471e-07,-0.11637350055172678,2.2255795598999763e-06,-0.7231979218683926,1.7329856000000005e-06,-0.577549497676374,3.081828559900208e-06,-1.1843739189930365,2.5892345999999067e-06,-0.0022021990285000003,0.0034794772835999993,-0.0025731297728301002,0.0078816763121,-0.0500580623297
0.0027986295799,0.0029421271238,0.00063122861194,0.0086828838275,0.00342985819184,0.0114815134074,-0.4555795665732465,8.286084000001109e-07,-0.1251268975777725,1.8945349999997113e-07,-0.11511320268411689,2.1593562701000685e-06,-0.7058333617287924,1.2075154000000532e-06,-0.570692769257364,2.9879646701001794e-06,-1.1614129283020365,2.036123800000164e-06,-0.0022013704201,0.0034815134073999995,-0.00257014180816,0.0078828838275,-0.0500578728762
0.0027994314563,0.0029420758446,0.00063332392173,0.008683583145499999,0.00343275537803,0.0114830146018,-0.44998150553704647,8.018764000002412e-07,-0.11924269460937253,-5.127919999996927e-08,-0.11384865015044687,2.0953097899999943e-06,-0.6884668947557926,6.993179999994353e-07,-0.5638301556874941,2.8971861900000187e-06,-1.1384484002928366,1.501194400000544e-06,-0.0022005685437,0.0034830146018,-0.00256724462197,0.007883583145499999,-0.0500579241554
0.0028002075299,0.0029417922004,0.00063535741131,0.0086837919307,0.00343556494121,0.0114839994606,-0.44438186655084644,7.760735999998679e-07,-0.11335882656437257,-2.836441999999953e-07,-0.11257996881740688,2.033489579999939e-06,-0.6710995196795926,2.0878520000031098e-07,-0.5569618353682542,2.8095631799999153e-06,-1.1154813862304367,9.848588000006125e-07,-0.0021997924701,0.0034839994606000006,-0.00256443505879,0.007883791930699999,-0.0500582077996
0.0028009587474,0.0029412847173,0.000637331349,0.008683528182,0.0034382900964,0.0114844869294,-0.4387807002735465,7.512175000000051e-07,-0.10747574964667261,-5.074830999999592e-07,-0.11130728005709688,1.9739376900000313e-06,-0.6537321995668925,-2.6374869999991335e-07,-0.550087980330644,2.7251551900000365e-06,-1.0925128998404368,4.874687999992244e-07,-0.0021990412526,0.0034844869294,-0.0025617099036,0.007883528182,-0.0500587152827
0.0028016860702,0.0029405620516999,0.00063924803781,0.0086828101735998,0.00344093410801,0.0114844962437998,-0.43317805545594645,7.273228000001172e-07,-0.10159390287767267,-7.22665600100085e-07,-0.11003070067028689,1.9166888099999505e-06,-0.6363658612112926,-7.180084001991854e-07,-0.543208756126234,2.644011609999851e-06,-1.0695439166672371,9.314399800064432e-09,-0.0021983139298,0.0034844962437998,-0.00255906589199,0.0078828101735998,-0.050059437948300096
0.0028023904707,0.0029396329621,0.00064110980794,0.008681656394900001,0.00344350027864,0.0114840468656,-0.42757397891504645,7.044004999997265e-07,-0.09571370786387279,-9.290895998997559e-07,-0.10875034282453691,1.8617701300000563e-06,-0.6190013946427926,-1.1537786997993515e-06,-0.536324321739584,2.5661706299999996e-06,-1.0465753735578374,-4.493781998009261e-07,-0.0021976095293,0.003484046865599999,-0.00255649972136,0.0078816563949,-0.0500603670379
0.0028030729297,0.0029385062809,0.00064291900923,0.0086800854915,0.00344599193893,0.011483158421199999,-0.4219685155146465,6.824590000000137e-07,-0.08983556862087283,-1.1266812000002187e-06,-0.1074663140073669,1.8092012900000447e-06,-0.6016396527563925,-1.5709034000017247e-06,-0.529434829522014,2.4916602900000584e-06,-1.0236081682710372,-8.884444000004099e-07,-0.0021969270703,0.0034831584211999986,-0.00255400806107,0.007880085491499999,-0.0500614937191
0.0028037344331999,0.0029371908863,0.00064467800368,0.008678116205799901,0.0034484124368799,0.0114818506389998,-0.4163617081517466,6.615034999000839e-07,-0.08395987145367279,-1.3153945999998078e-06,-0.10617871699445691,1.7589944499999191e-06,-0.5842814510590926,-1.9692857000982306e-06,-0.5225404251462041,2.420497949900003e-06,-1.0006431592108374,-1.3077822001994477e-06,-0.0021962655668001,0.003481850638999799,-0.0025515875631201,0.0078781162057999,-0.0500628091137
0.0028043759688999,0.0029356956735,0.00064638915788,0.008675767315899901,0.0034507651267799,0.0114801432847998,-0.4107535977496468,6.415356999999941e-07,-0.07808698489387278,-1.4952128000000724e-06,-0.10488764983289692,1.7111542000000429e-06,-0.5669275675373928,-2.3488899000001506e-06,-0.5156412475825444,2.3526899000001454e-06,-0.9776811652870376,-1.7073541999992892e-06,-0.0021956240311001,0.0034801432847998,-0.0025492348732201,0.0078757673158999,-0.0500643043265
0.0028049985234,0.0029340295272,0.0006480548355399,0.0086730575778,0.0034530533589398997,0.0114780561012,-0.40514422325734695,6.225545000999519e-07,-0.07221725969317283,-1.6661462999998863e-06,-0.10359320583947702,1.665677659899961e-06,-0.5495787426436931,-2.709738099900688e-06,-0.5087374290968246,2.2882321599995877e-06,-0.9547229659010377,-2.087183599799869e-06,-0.0021950014766,0.0034780561012,-0.0025469466410601004,0.0078730575778,-0.050065970472799995
0.002805603079,0.0029322012928,0.00064967739002,0.0086700056646,0.0034552804690199997,0.0114756087436,-0.39953362165494694,6.045556000000042e-07,-0.06635102887317279,-1.8282344000000034e-06,-0.10229547361391712,1.622554480100024e-06,-0.532235679401293,-3.051913200000436e-06,-0.5018290952688648,2.227110080100028e-06,-0.9317693010562378,-2.4473576000008657e-06,-0.002194396921,0.003475608743599999,-0.0025447195309800004,0.0078700056646,-0.0500677987072
0.0028061906104,0.0029302197495,0.00065125915695,0.0086666301094,0.00345744976735,0.011472820719799999,-0.3939218279655469,5.875314000002019e-07,-0.06048860783087284,-1.9815433000003324e-06,-0.10099453706694712,1.5817669300000406e-06,-0.5148990436272931,-3.375555200000463e-06,-0.49491636503249475,2.1692983300002425e-06,-0.9088208715928376,-2.788023800000261e-06,-0.0021938093896,0.003472820719799999,-0.00254255023265,0.007866630109399999,-0.0500697802505
0.0028067620822,0.002928093582,0.00065280244691,0.0086629492462,0.0034595645291099998,0.011469711328399999,-0.3883088752729469,5.714717999996677e-07,-0.054630294499372845,-2.1261674999998453e-06,-0.09969047546308712,1.5432899599999213e-06,-0.497569464271693,-3.680863200000023e-06,-0.48799935073603473,2.114761759999806e-06,-0.8858783395446377,-3.1093914000003553e-06,-0.0021932379178000003,0.0034697113283999985,-0.0025404354708900003,0.007862949246199999,-0.050071906417999995
0.0028073184451999,0.0029258313541,0.00065430953829,0.0086589811533999,0.0034616279834899,0.011466299598599801,-0.382694794745547,5.563629999001847e-07,-0.0487763695632728,-2.262227899999924e-06,-0.09838336347788712,1.5070913800000136e-06,-0.48024753387209307,-3.968092800099229e-06,-0.48107815822343486,2.06345437990009e-06,-0.8629423286176381,-3.4117298001977436e-06,-0.0021926815548001,0.0034662995985998007,-0.0025383720165101003,0.0078589811533999,-0.050074168645899995
0.0028078606339999,0.0029234414819,0.0006557826701499,0.0086547435977999,0.0034636433041498,0.0114626042317998,-0.3770796156663472,5.421888000000166e-07,-0.042927096727272795,-2.3898721999999345e-06,-0.09707327126944722,1.4731318599000513e-06,-0.46293380912089344,-4.23755560000072e-06,-0.47415288693579516,2.0153206599002847e-06,-0.8400134247872386,-3.6953668000015705e-06,-0.0021921393660001,0.003462604231799799,-0.0025363566958502,0.007854743597799899,-0.0500765585181
0.0028083895639,0.0029209322076999,0.00065722403535,0.008650253979299801,0.00346561359925,0.0114586435431998,-0.3714633654684473,5.289299001001377e-07,-0.037082723037672904,-2.509274200100057e-06,-0.09576026456394732,1.4413652001000078e-06,-0.44562881154379363,-4.489618500098241e-06,-0.4672236300323953,1.9702951001999286e-06,-0.8170921770122388,-3.960688599998971e-06,-0.0021916104361,0.0034586435431998,-0.00253438640075,0.0078502539792998,-0.0500790677923001
0.002808906128,0.0029183115746999,0.00065863577376,0.0086455292773998,0.0034675419017599998,0.0114544354053998,-0.3658460697765473,5.165640999996689e-07,-0.031243479255273154,-2.6206330000001256e-06,-0.09444440475483734,1.4117384100000192e-06,-0.42833302828709385,-4.724701900001016e-06,-0.46029047453138533,1.928302509999688e-06,-0.7941790980636392,-4.208137800000913e-06,-0.0021910938720000003,0.0034544354053997993,-0.0025324580982400004,0.0078455292773998,-0.0500816884253001
0.0028094111946999,0.0029155874023,0.00066001996571,0.008640585999299899,0.0034694311604099,0.011449997193999799,-0.36022775245384747,5.050666998999802e-07,-0.025409580278273225,-2.724172399899867e-06,-0.09312574901536734,1.3841919499999475e-06,-0.4110469130103942,-4.943278099901055e-06,-0.4533535014692154,1.889258649900253e-06,-0.7712746654642397,-4.438211400000641e-06,-0.0021905888053001003,0.0034499971939997987,-0.0025305688395901,0.007840585999299899,-0.050084412597699995
0.0028099056046,0.0029127672619,0.00066137862558,0.0086354401284,0.00347128423018,0.011445345733,-0.3546084356545475,4.944099001001623e-07,-0.019581225614073272,-2.820140399999952e-06,-0.09180435042407734,1.3586598700000277e-06,-0.39377088688269435,-5.1458708998988745e-06,-0.44641278607862556,1.8530697700998647e-06,-0.7483793225372399,-4.651460999798712e-06,-0.0021900943954,0.003445345733,-0.0025287157698200002,0.0078354401284,-0.0500872327381
0.0028103901685999,0.0029098584541,0.0006627136956799,0.008630107076799901,0.0034731038642798,0.0114404972453998,-0.34898813988134764,4.845639998999826e-07,-0.013758599898073265,-2.908807799999885e-06,-0.09048025810281743,1.335070099899938e-06,-0.37650533967749444,-5.33305160009892e-06,-0.4394683979841658,1.8196340998001374e-06,-0.7254934795588401,-4.848487600199805e-06,-0.0021896098314001,0.0034404972453998,-0.0025268961357202,0.0078301070767999,-0.0500901415459
0.0028108656646,0.0029068679863,0.0006640270402799,0.0086246016372,0.0034748927048799004,0.0114354673018,-0.34336688404814775,4.754960001001479e-07,-0.007941873457673276,-2.9904678000001496e-06,-0.08915351736685764,1.3133446000000845e-06,-0.35925063096349463,-5.505439599901019e-06,-0.43252040141500614,1.7888406001003408e-06,-0.7026175150116405,-5.029943599800871e-06,-0.0021891343354,0.0034354673017999993,-0.0025251072951200998,0.0078246016372,-0.0500931320137
0.002811332836,0.0029038025511,0.00066532043996,0.0086189379382,0.0034766532759599998,0.011430270774199999,-0.3377446855475478,4.6717139999975094e-07,-0.002131202920273245,-3.0654352000001814e-06,-0.08782416988661776,1.2933996800999726e-06,-0.3420070913880946,-5.6636989999997445e-06,-0.42556885543416634,1.7605710800993983e-06,-0.6797517769356407,-5.196527600000861e-06,-0.0021886671640000003,0.0034302707741999984,-0.0025233467240400004,0.0078189379382,-0.050096197448899996
0.0028117923886,0.0029006685063,0.00066659558619,0.008613129401200001,0.00347838797479,0.0114249217898,-0.3321215603229478,4.5955260000000997e-07,0.0036732681371267617,-3.1340447999997703e-06,-0.08649225386046774,1.275146230000023e-06,-0.3247750240486944,-5.808536999999531e-06,-0.41861381418341637,1.7346988300001413e-06,-0.6568965843716406,-5.348984399997786e-06,-0.0021882076114000002,0.0034249217898000006,-0.0025216120252100002,0.0078131294012,-0.0500993314937
0.0028122449892,0.0028974718554,0.00066785407622,0.0086071887,0.0034800990654199997,0.011419433689199999,-0.3264975229451478,4.526006000000332e-07,0.009471408498826772,-3.196650900000146e-06,-0.08515780419805775,1.2584900299999428e-06,-0.30755470594749434,-5.940701200000259e-06,-0.4116553271432064,1.7110906299997591e-06,-0.6340522288926405,-5.4881006000019605e-06,-0.0021877550108,0.0034194336891999987,-0.0025199009345800005,0.0078071887,-0.0501025281446
0.002812691263,0.0028942182296,0.0006690974081799,0.0086011277222,0.0034817886711799,0.0114138189852,-0.32087258669294777,4.4627379999990016e-07,0.015263098583826795,-3.2536257999998645e-06,-0.08382085271365786,1.2433319599000538e-06,-0.29034638952529424,-6.06097780000113e-06,-0.4046934394066064,1.6896057599001708e-06,-0.6112189762182405,-5.614703999998194e-06,-0.0021873087370000003,0.0034138189852000005,-0.0025182113288201003,0.007801127722199999,-0.050105781770399996
0.0028131317922,0.0028909128706999,0.00067032697663,0.0085949575335998,0.00348345876883,0.0114080893257998,-0.3152467636377478,4.405292000002163e-07,0.021048229684126674,-3.3053589001000652e-06,-0.08248142832884796,1.2295684500999776e-06,-0.27315030426949427,-6.1701886001994805e-06,-0.3977281919665965,1.6700976501003023e-06,-0.5883970679072406,-5.729659400200565e-06,-0.0021868682078,0.0034080893257998,-0.00251654123117,0.0077949575335998,-0.050109087129300095
0.0028135671138,0.002887560615,0.0006715440682999,0.0085886883438,0.0034851111820999,0.0114022554576,-0.30962006473174775,4.3532160000012143e-07,0.026826703169826605,-3.3522556998999246e-06,-0.08113955728391807,1.217091669899941e-06,-0.25596665839209454,-6.269189799800595e-06,-0.3907596220156666,1.6524132699000625e-06,-0.5655867231238407,-5.833868199800474e-06,-0.0021864328862,0.0034022554575999994,-0.0025148888179001,0.007788688343799999,-0.050112439385
0.0028139977181,0.0028841658789999,0.00067274985818,0.0085823294760998,0.00348674757628,0.0113963271941998,-0.3039924998998478,4.306042999998455e-07,0.032598429663826534,-3.394736000100155e-06,-0.07979526335743818,1.2057898801000203e-06,-0.23879564057219493,-6.358867700199597e-06,-0.3837877632572868,1.6363941800997574e-06,-0.5427881404720409,-5.928263400199751e-06,-0.0021860022819,0.0033963271941997997,-0.00251325242372,0.0077823294760997995,-0.0501158341210001
0.0028144240476,0.0028807326463,0.00067394540606,0.0085758893402,0.00348836945366,0.0113903133878,-0.2983640781341477,4.263295000001867e-07,0.03836332818912647,-3.4332326998998824e-06,-0.0784485680931982,1.195547879999999e-06,-0.22163742175589496,-6.440135899800012e-06,-0.3768126462273469,1.6218773800000773e-06,-0.5200014998900411,-6.013806399800259e-06,-0.0021855759524,0.0033903133877999994,-0.00251163054634,0.0077758893401999995,-0.050119267353699995
0.0028148464951999,0.0028772644549,0.00067513165328,0.0085693754049999,0.0034899781484798997,0.0113842219001998,-0.29273480759134785,4.224475998997751e-07,0.04412132529032642,-3.4681913999999765e-06,-0.07709949103385819,1.1862472200000309e-06,-0.20449215701069523,-6.513935200099311e-06,-0.369834298625207,1.6086948198996975e-06,-0.4972269646020413,-6.0914876001995355e-06,-0.0021851535048001,0.0033842219001998,-0.0025100218515201004,0.0077693754049999,-0.0501227355451
0.002815265403,0.0028737643873,0.00067630941988,0.0085627941776,0.00349157482288,0.0113780595806,-0.28710469569314795,4.18907800100142e-07,0.04987235413252644,-3.500067600000281e-06,-0.0757480499606982,1.1777665999999432e-06,-0.18735998742809512,-6.581227399901288e-06,-0.36285274565384706,1.5966744001004105e-06,-0.47446468312124157,-6.162319599800278e-06,-0.002184734597,0.0033780595805999996,-0.00250842517712,0.007762794177599999,-0.0501262356127
0.0028156810618,0.0028702350607,0.0006774794022,0.0085561511832,0.0034931604640000002,0.011371832245000001,-0.281473749228348,4.1565879999993366e-07,0.05561635358052641,-3.5293265999995944e-06,-0.0743942611386182,1.1699823200000568e-06,-0.1702410420672953,-6.642994399999255e-06,-0.35586801036696714,1.5856411200000989e-06,-0.4517147912956414,-6.227335599998454e-06,-0.0021843189382,0.003371832245000001,-0.002506839536,0.0077561511832,-0.0501297649393
0.0028160947301,0.0028666786196,0.00067864217074,0.0085494519693,0.00349473690084,0.0113655466994,-0.275841973436448,4.136682999998642e-07,0.06135326726082646,-3.556441100000321e-06,-0.0730381395656782,1.1627685399999508e-06,-0.15313543891479542,-6.699213900000778e-06,-0.34888011300212707,1.5764368399995982e-06,-0.42897741235124154,-6.2855456000009136e-06,-0.0021839052699000002,0.0033655466994000002,-0.0025052630991600003,0.007749451969299999,-0.0501333213804
0.0028165331628,0.0028630967288,0.00067979816845,0.0085427266204,0.0034963313312499997,0.0113592597832,-0.27020934554354803,4.3843270000013673e-07,0.06708304260922648,-3.581890800000067e-06,-0.07167969922648819,1.155997709999983e-06,-0.13604326032509562,-6.725348899999997e-06,-0.3418890447700371,1.594430409999903e-06,-0.40625260586864154,-6.286916200000728e-06,-0.0021834668372,0.0033592597831999995,-0.0025036686687500004,0.007742726620399999,-0.050136903271199997
0.0028170082096,0.0028594905689,0.00068094770943,0.0085359893474,0.0034979559190299997,0.011352997557,-0.264575804171148,4.7504679999985436e-07,0.07280562990692652,-3.606159899999673e-06,-0.0703189533486082,1.1495409800000396e-06,-0.11896454435729575,-6.737272999999058e-06,-0.33489475751975717,1.6245877800000023e-06,-0.38354034852844143,-6.262226199999638e-06,-0.0021829917904000002,0.003352997557,-0.0025020440809700004,0.0077359893474,-0.050140509431099996
0.0028175199474,0.0028558608326,0.00068209097794,0.0085292416126,0.00349961092534,0.01134676156,-0.25894127601414796,5.117378000002622e-07,0.07852098130842655,-3.629736300000356e-06,-0.06895591466123821,1.1432685100000407e-06,-0.10189931339729563,-6.747734800000016e-06,-0.32789719067538714,1.6550063100004113e-06,-0.3608405894114415,-6.235997000000187e-06,-0.0021824800526,0.0033467615599999997,-0.00250038907466,0.0077292416126,-0.0501441391674
0.0028180683988,0.0028522077224999,0.0006832280279,0.0085224838437998,0.0035012964267,0.0113405522425998,-0.2533056876679479,5.484513999997991e-07,0.08422904986352642,-3.6531101000997733e-06,-0.0675905956553982,1.1370499600000172e-06,-0.08484758794089586,-6.757768800200181e-06,-0.3208962833233471,1.6855013599999247e-06,-0.3381532756088419,-6.2093174001999485e-06,-0.0021819316012,0.0033405522425997997,-0.0024987035733,0.0077224838437998,-0.050147792277500096
0.0028186535316999,0.0028485309505,0.0006843587826699,0.0085157154326999,0.0035030123143698,0.0113343689643998,-0.24766896573744807,5.851328999002814e-07,0.08992978853652633,-3.6767719998999707e-06,-0.06622300884482829,1.1307547698999115e-06,-0.06780938866439623,-6.76841109989966e-06,-0.31389197458227724,1.7158876697998676e-06,-0.31547835440184224,-6.1832781999993786e-06,-0.0021813464683001,0.0033343689643998004,-0.0024969876856302,0.0077157154326999,-0.0501514690495
0.0028192752596999,0.0028448297389999,0.00068548303535,0.0085089347376997,0.0035047582950499,0.0113282099973996,-0.24203103694604822,6.217279999998215e-07,0.09562314922602622,-3.701211500100037e-06,-0.06485316702680838,1.1242526801000675e-06,-0.050784738493996784,-6.78069500020112e-06,-0.30688420397285765,1.7459806801001058e-06,-0.29281577544004267,-6.158967000201299e-06,-0.0021807247403001,0.003328209997399599,-0.0024952417049501,0.007708934737699699,-0.050155170261000095
0.0028199334425,0.0028411028228,0.00068660044932,0.0085021390881,0.00350653389182,0.0113220725306,-0.2363918282438483,6.581828000998789e-07,0.10130908178782616,-3.7269161999001384e-06,-0.06348108354213838,1.1174139700000129e-06,-0.03377366466819698,-6.795649599699097e-06,-0.29987291178598774,1.7755967700997834e-06,-0.27016549291204295,-6.137466799598784e-06,-0.0021800665575,0.0033220725306000003,-0.0024934661081800003,0.0077021390881,-0.0501588971772
0.0028206278856,0.002837348453,0.00068771055934,0.0084953247916,0.00350833844494,0.0113159526772,-0.2307512669157482,6.944431000001361e-07,0.10698753306362618,-3.754369799999994e-06,-0.06210677253347839,1.110110019999968e-06,-0.016776200788497064,-6.814296500000719e-06,-0.2928580394492277,1.804553120000104e-06,-0.24752746770424294,-6.119853400000583e-06,-0.0021793721144,0.0033159526771999997,-0.00249166155506,0.007695324791599999,-0.050162651546999996
0.0028213583419,0.0028335644024,0.00068881277286,0.008488487146699999,0.00351017111476,0.0113098454886,-0.22510928068824831,7.304562999999563e-07,0.11265844591902618,-3.7840506000000503e-06,-0.06073024920127838,1.1022135199999705e-06,0.00020761114980283324,-6.837644900000578e-06,-0.28583952988952777,1.8326698200000352e-06,-0.22490166953844315,-6.107188600000188e-06,-0.0021786416581,0.0033098454885999995,-0.00248982888524,0.007688487146699998,-0.0501664355976
0.0028221245115,0.0028297479723,0.00068990637186,0.0084816204561,0.00351203088336,0.011303744967600001,-0.21946579783484832,7.661695999999774e-07,0.11832175829372615,-3.816430099999688e-06,-0.059351530056558396,1.093599000000071e-06,0.01717771875260299,-6.866690599998532e-06,-0.2788173278914077,1.8597685999999398e-06,-0.202288079082243,-6.100520999998554e-06,-0.0021778754885,0.003303744967600001,-0.00248796911664,0.0076816204561,-0.0501702520277
0.0028229260433,0.0028258960001999,0.00069099051498,0.0084747180436998,0.00351391655828,0.0112976440869998,-0.2138207472800483,8.015318000002304e-07,0.123977402266226,-3.851972100100097e-06,-0.057970633169718386,1.0841431199999467e-06,0.034134057252402705,-6.902412400200397e-06,-0.2717913804497676,1.8856749200001771e-06,-0.17968669002764304,-6.1008806002006005e-06,-0.0021770739567,0.0032976440869998003,-0.00248608344172,0.0076747180436997995,-0.0501741039998001
0.0028237625355999,0.0028220048694999,0.0006920642400499,0.008467772274599699,0.0035158267756498,0.0112915348101996,-0.20817405870114836,8.364922998997833e-07,0.1296253031359258,-3.891130700000092e-06,-0.05658757841468848,1.0737250699000434e-06,0.051076547570702235,-6.945769100100835e-06,-0.2647616371158379,1.9102173698000435e-06,-0.1570975111304438,-6.1092768001997505e-06,-0.0021762374644001,0.0032915348101996006,-0.0024841732243502,0.007667772274599699,-0.0501779951305001
0.0028246335375,0.0028180705207,0.00069312646701,0.0084607745789,0.00351776000451,0.0112854081164,-0.2025256626280484,8.710019000998138e-07,0.13526537852612575,-3.9343487999001295e-06,-0.055202387707628586,1.0622269600999356e-06,0.0680050944242021,-6.997695699699144e-06,-0.257728050335678,1.933228860199858e-06,-0.13452056820384417,-6.126693799601499e-06,-0.0021753664625000003,0.003285408116399999,-0.00248223999549,0.0076607745788999995,-0.050181929479299996
0.0028255385503,0.0028140884629999,0.00069417600113,0.008453715476299799,0.00351971455143,0.0112792540265998,-0.19687549054024844,9.050128000000386e-07,0.1408975375098257,-3.982057700099937e-06,-0.05381508523948858,1.0495341200000017e-06,0.08491958447940195,-7.0591026002011364e-06,-0.25069057577973797,1.954546919999932e-06,-0.11195590606084416,-6.154089800199797e-06,-0.0021744614497000003,0.0032792540265997993,-0.00248028544857,0.007653715476299798,-0.0501859115370001
0.0028264770286,0.0028100537884,0.00069521153663,0.008446584605400001,0.00352168856523,0.011273061634,-0.1912234749613485,9.384783000001076e-07,0.14652167976122554,-4.034674599899795e-06,-0.05242569770172857,1.035535500000062e-06,0.10181988456110158,-7.130870899797748e-06,-0.24364917266307806,1.974013800000278e-06,-0.08940359040024415,-6.192392599800242e-06,-0.0021735229714,0.003273061633999999,-0.00247831143477,0.007646584605400001,-0.0501899462116
0.0028274483828,0.0028059611863,0.00069623166063,0.008439370755400001,0.0035236800434299996,0.011266819138200001,-0.18556954954994842,9.713541999998437e-07,0.15213769473592553,-4.092602099999877e-06,-0.05103425450446858,1.0201239999999522e-06,0.11870583992190165,-7.213849999999911e-06,-0.23660380405441805,1.991478199999362e-06,-0.066863709628044,-6.242495799998332e-06,-0.0021725516172000003,0.0032668191382000007,-0.0024763199565700006,0.007639370755400001,-0.0501940388137
0.0028284519798,0.0028018049593999,0.00069723485738,0.0084320618985998,0.00352568683718,0.0112605138783998,-0.17991364918734842,1.0035970000000713e-06,0.15774546088162544,-4.1562269001002225e-06,-0.04964078798645859,1.0031967500000443e-06,0.13557727257590146,-7.308856800201241e-06,-0.22955443717380808,2.0067937500003324e-06,-0.04433637661144463,-6.305259800200302e-06,-0.0021715480202000002,0.0032605138783998004,-0.0024743131628200002,0.0076320618985997995,-0.0501981950406001
0.0028294871459,0.0027975790411999,0.00069821951289,0.0084246452282998,0.00352770665879,0.0112541323741998,-0.17425571006164853,1.0351660999999984e-06,0.16334484488222523,-4.225918200000036e-06,-0.04824533361618859,9.846555100000024e-07,0.15243397970280093,-7.416670299999206e-06,-0.22250104367783807,2.0198216099998924e-06,-0.021821730358844604,-6.3815042000009425e-06,-0.0021705128541000002,0.0032541323741997995,-0.0024722933412100003,0.0076246452282998,-0.0502024209588001
0.0028305531679,0.0027932770142,0.0006991839198099,0.0084171071963,0.0035297370877099,0.0112476603642,-0.16859566974784845,1.0660219999999998e-06,0.1689357009376251,-4.3020269999000105e-06,-0.04684793018348869,9.644069199000104e-07,0.16927573212740077,-7.538031999800021e-06,-0.21544359993133821,2.0304289199001187e-06,0.0006800623795548688,-6.472009999800021e-06,-0.0021694468321000002,0.0032476603641999995,-0.0024702629122901,0.0076171071963,-0.0502067229858
0.0028316492962,0.0027888921294,0.00070012628258,0.008409433555,0.00353177557878,0.0112410828512,-0.16293346728374847,1.0961283000003076e-06,0.1745178700812251,-4.384884799999832e-06,-0.04544861998109878,9.423627700999625e-07,0.18610227287870096,-7.673641300000658e-06,-0.2083820872648483,2.0384910701001617e-06,0.023168805594955266,-6.5775129999990495e-06,-0.0021683507038,0.0032410828512000004,-0.00246822442122,0.007609433555,-0.0502111078706
0.0028327747464,0.0027844173269,0.00070104472294,0.0084016094002,0.00353381946934,0.0112343841466,-0.15726904324114843,1.1254501999999333e-06,0.18009117953752513,-4.474802500000017e-06,-0.044047448975578773,9.18440360000018e-07,0.20291331583390093,-7.824154799999233e-06,-0.20131649221672832,2.04389056000006e-06,0.04564427259275483,-6.698704600001035e-06,-0.0021672252536,0.0032343841465999994,-0.00246618053066,0.0076016094002,-0.0502155826731
0.0028339287018,0.0027798452574,0.0007019372856,0.0083936192166,0.0035358659874,0.0112275479184,-0.15160233979294835,1.15395539999983e-06,0.1856554421218251,-4.572069499999935e-06,-0.042644466967038774,8.925626599999223e-07,0.21970854445070076,-7.990183600000908e-06,-0.1942468067599883,2.0465180599997523e-06,0.06810620465775497,-6.836228200000211e-06,-0.0021660712982,0.003227547918399999,-0.0024641340126000002,0.0075936192165999995,-0.0502201547426
0.0028351103161,0.0027751683045,0.00070280194425,0.0083854469251,0.00353791226035,0.0112205572412,-0.1459333007750484,1.1816143000000293e-06,0.19121045568372513,-4.676952900000125e-06,-0.04123972773718877,8.646586500000433e-07,0.23648761059240098,-8.17229150000022e-06,-0.18717302851223838,2.046272950000181e-06,0.0905543098173549,-6.990677199999323e-06,-0.0021648896839,0.0032205572412,-0.00246208773965,0.007585446925099999,-0.050224831695499995
0.0028363187158,0.0027703786082,0.00070363660774,0.008377075932199999,0.00353995532354,0.011213394647999999,-0.14026187174314841,1.2083997000000325e-06,0.19675600259642512,-4.789696300000132e-06,-0.03983328918519877,8.346634900000417e-07,0.25325013344970104,-8.370992900000665e-06,-0.18009516092834832,2.0430631899998573e-06,0.11298826170655474,-7.162593200001066e-06,-0.0021636812842,0.0032133946479999988,-0.00246004467646,0.007577075932199999,-0.0502296213918
0.002837553003,0.0027654680888,0.0007044391264799,0.0083684891806,0.0035419921294798998,0.0112060421836,-0.13458800002434834,1.234287200000024e-06,0.20229184929342509,-4.910519399999903e-06,-0.03842521345097888,8.025187398999359e-07,0.26999569856250094,-8.586751599998915e-06,-0.1730132134753284,2.0368059398998516e-06,0.13540769853815493,-7.3524643999997585e-06,-0.002162446997,0.003206042183599999,-0.0024580078705201003,0.0075684891806,-0.050234531911199996
0.002838812258,0.0027604284719,0.0007052072991,0.0083596692018,0.0035440195570999996,0.0111984814598,-0.12891163476334844,1.2592549999998308e-06,0.20781774585412505,-5.0396168999999186e-06,-0.03701556702539899,7.681726201000209e-07,0.2867238569449011,-8.819978799999573e-06,-0.16592720178874854,2.0274276200998517e-06,0.15781222218155477,-7.560723799999308e-06,-0.0021611877420000002,0.0031984814597999997,-0.0024559804429000005,0.0075596692018,-0.0502395715281
0.0028400955423,0.0027552513138,0.00070593887917,0.008350598169900001,0.00354603442147,0.0111906937122,-0.12323272696304854,1.283284300000135e-06,0.213333425639825,-5.177158099999978e-06,-0.035604420847128976,7.315800699999719e-07,0.3034341243166012,-9.071031899999388e-06,-0.15883714781017844,2.0148643700003237e-06,0.18020139735355478,-7.787747599999686e-06,-0.0021599044577,0.0031906937122,-0.00245396557853,0.007550598169900001,-0.0502447486862
0.0028414019012,0.0027499280278,0.0007066315822,0.0083412579568,0.0035480334834,0.011182659858,-0.11755122951954855,1.3063588999999605e-06,0.21883860498142504,-5.3232859999999445e-06,-0.034191850385758976,6.927030300000461e-07,0.3201259804433012,-9.34021310000123e-06,-0.15174307990530833,1.999061930000115e-06,0.20257475092375476,-8.033854199999968e-06,-0.0021585980988,0.003182659858,-0.0024519665166,0.0075412579567999995,-0.0502500719722
0.0028427303671,0.0027444499106999,0.00070728309273,0.0083316301884998,0.00355001345983,0.0111743605555998,-0.11186709725124866,1.3284659000000962e-06,0.22433298291992498,-5.478117100100183e-06,-0.03277793571082899,6.515105299999529e-07,0.336798868588601,-9.627768300199402e-06,-0.1446450329620783,1.9799764299998322e-06,0.22493177133735465,-8.299302400200173e-06,-0.0021572696329,0.0031743605555998,-0.0024499865401700002,0.0075316301884998,-0.0502555500893001
0.0028440799623,0.00273880817,0.00070789107151,0.0083216963023,0.00355197103381,0.0111657762646,-0.10618028692184855,1.3495951999998451e-06,0.22981624100062487,-5.641740699900092e-06,-0.031362761546588985,6.079787799999911e-07,0.35345219507940095,-9.933886199801206e-06,-0.13754304846843834,1.9575739800001615e-06,0.2472719081575543,-8.584290999799626e-06,-0.0021559200377,0.0031657762646000003,-0.00244802896619,0.007521696302299999,-0.050261191829999996
0.0028454497021,0.0027329939511,0.00070845316284,0.0083114376043,0.00355390286494,0.0111568873064,-0.1004907572574486,1.3697398000001026e-06,0.23528804312172485,-5.814218899999942e-06,-0.029946417312238988,5.620913300000531e-07,0.3700853289860011,-1.0258697999998914e-05,-0.1304371745696884,1.9318311300000474e-06,0.26959457172855417,-8.888958200000546e-06,-0.0021545502979,0.0031568873063999997,-0.00244609713506,0.0075114376043,-0.0502670060489
0.0028468385979,0.0027269983658,0.00070896700198,0.0083008353295,0.00355580559988,0.0111476739274,-0.0947984689574487,1.3888957999998869e-06,0.24074803543862489,-5.995585299999832e-06,-0.028528997147418994,5.138391399999451e-07,0.38669760191980096,-1.0602274800000644e-05,-0.12332746610486844,1.9027349399997236e-06,0.29189913296235415,-9.213378999999022e-06,-0.0021531614021000002,0.0031476739274000007,-0.0024441944001200003,0.007500835329499999,-0.050273001634199996
0.0028482456601,0.0027208125195999,0.0007094302226,0.0082898706992998,0.0035576758827,0.0111381163593998,-0.08910338469944878,1.4070622000000692e-06,0.2461958463240248,-6.18584620010014e-06,-0.027110599922838985,4.6322062000005073e-07,0.4032883079486007,-1.0964630200199776e-05,-0.11621398462228849,1.8702828200002283e-06,0.3141849232491538,-9.557568000201008e-06,-0.0021517543399,0.0031381163593997997,-0.0024423241173,0.0074898706992997995,-0.0502791874804001
0.0028496699017,0.0027144275404,0.00070984046428,0.0082785249825,0.00355951036598,0.011128194884199999,-0.08340546913764879,1.4242415999998585e-06,0.2516310863840247,-6.384979199899887e-06,-0.025691329235958987,4.1024167999996475e-07,0.4198567036304004,-1.1345716799799482e-05,-0.10909679837360842,1.8344832799998233e-06,0.3364512344927537,-9.921475199800925e-06,-0.0021503300983000003,0.0031281948841999987,-0.0024404896340200002,0.0074785249825,-0.0502855724596
0.0028511103409,0.0027078346065,0.00071019538004,0.0082667795539,0.0035613057209400003,0.0111178898948,-0.07770468889504889,1.440439200000275e-06,0.2570533485309247,-6.592933900000011e-06,-0.024271293391639,3.549157599999934e-07,0.4364020081668003,-1.1745428599999747e-05,-0.10197598228668836,1.7953549600003768e-06,0.3586973192717535,-1.0304989399998604e-05,-0.0021488896591,0.0031178898948,-0.00243869427906,0.0074667795539,-0.050292165393499996
0.0028525660045,0.0027010249751,0.00071049264389,0.0082546159547,0.00356305864839,0.011107181959200001,-0.07200101254964897,1.4556636000000699e-06,0.2624622081125247,-6.809631399999974e-06,-0.022850605367708998,2.972638500000225e-07,0.4529234036754004,-1.216359920000118e-05,-0.09485161791735841,1.7529274499998755e-06,0.3809223911257533,-1.0707935599998941e-05,-0.0021474339955,0.003107181959200001,-0.00243694135161,0.007454615954699999,-0.0502989750249
0.002854035931,0.0026939900107,0.0007107299583099,0.008242015952400001,0.0035647658893099,0.011096051883400002,-0.06629441061414887,1.4699265000000204e-06,0.26785722309832466,-7.034964399999909e-06,-0.021429382765509097,2.3731441989999214e-07,0.46942003558250045,-1.2600002299998497e-05,-0.08772379337965841,1.7072409199000126e-06,0.40312562496835325,-1.1130075799999778e-05,-0.002145964069,0.0030960518834000014,-0.0024352341106901,0.007442015952400001,-0.0503060099893
0.0028555191735999,0.0026867212125999,0.00071090506177,0.0082289615987997,0.0035664242353699,0.0110844807723996,-0.06058485550954906,1.4832425998998443e-06,0.2732379343216246,-7.268798100100275e-06,-0.02000774774542921,1.7510346010001562e-07,0.4858910131337,-1.3054353600300272e-05,-0.08059260325497863,1.6583460599999683e-06,0.425306157624153,-1.157111100040173e-05,-0.0021444808264001,0.0030844807723995997,-0.0024335757646301,0.0074289615987997,-0.0503132787874001
0.0028570148035,0.0026792102434,0.00071101573609,0.0082154352903,0.00356803053959,0.0110724500938,-0.05487232153244925,1.4956299001001906e-06,0.2786038657776245,-7.510969199900092e-06,-0.018585826947569217,1.1067432000000897e-07,0.5023354100227997,-1.3526308499701295e-05,-0.07345814848001875,1.6063042200999827e-06,0.44746308849035277,-1.2030678599599803e-05,-0.0021429851965,0.0030724500938,-0.00243196946041,0.007415435290299999,-0.050320789756599996
0.0028585219128999,0.0026714489561999,0.0007110598138099,0.0082014198252997,0.0035695817267098,0.011059941738199599,-0.04915678481604935,1.5071093998997136e-06,0.28395452497722445,-7.761287200099866e-06,-0.01716375139766932,4.407771990000246e-08,0.5187522651383993,-1.4015465000299585e-05,-0.06632053621371892,1.5511871197999329e-06,0.46959548032235254,-1.2508355600401172e-05,-0.0021414780871001,0.0030599417381995987,-0.0024304182732902,0.0074014198252996995,-0.0503285510438001
0.0028600396177,0.0026634294219999,0.00071103518541,0.0081868984616998,0.00357107480311,0.0110469380793998,-0.04343822328544944,1.517704800100151e-06,0.2892894033554243,-8.019534199999942e-06,-0.015741656398449405,-2.462839989998515e-08,0.5351405834253988,-1.4521363599900167e-05,-0.05917987968389915,1.493076400199949e-06,0.4917023601399517,-1.3003658799798715e-05,-0.0021399603823,0.0030469380793998,-0.00242892519689,0.007386898461699799,-0.050336570578000096
0.0028615670606999,0.002655143956,0.0007109398064299,0.0081718549726999,0.0035725068671298003,0.011033422033399801,-0.03771661660704961,1.5274429999000833e-06,0.2946079767334242,-8.285465999899929e-06,-0.014319681406609497,-9.537898009999261e-08,0.5514993368597985,-1.5043488999898907e-05,-0.05203629801365928,1.4320640198003075e-06,0.5137827202527514,-1.3516045999998824e-05,-0.0021384329393001,0.003033422033399801,-0.0024274931328702,0.0073718549726999,-0.050344856044
0.0028631034146999,0.0026465851447,0.0007107717044699,0.0081562737040999,0.0035738751191697997,0.0110193771187998,-0.031991946131649907,1.536353999999785e-06,0.29990970583412424,-8.558811299999927e-06,-0.01289796989570971,-1.6810196000005637e-07,0.5678274655365985,-1.5581268600000503e-05,-0.0448899160273597,1.3682520399994035e-06,0.5358355194049511,-1.4044914600001152e-05,-0.0021368965853001,0.0030193771187998,-0.0024261248808302004,0.0073562737040999,-0.0503534148553
0.0028646478849,0.0026377458707,0.00071052898596,0.008140139626299999,0.0035751768708600002,0.011004787511200001,-0.026264194832050003,1.5444702001002342e-06,0.3051940368495243,-8.839274000000275e-06,-0.011476669205279816,-2.4271850989992204e-07,0.5841238788669982,-1.6134077799901184e-05,-0.03774086403732979,1.301751690200529e-06,0.5578596840349508,-1.4589607599799215e-05,-0.0021353521151,0.003004787511200001,-0.00242482312914,0.007340139626299999,-0.050362254129299996
0.002866199712,0.002628619338,0.00071020984285,0.008123438388,0.00357640955485,0.0109896381,-0.02053334723514999,1.5518270999998439e-06,0.3104604020582243,-9.126532699999922e-06,-0.010055930376469818,-3.1914311000001434e-07,0.6003874568812981,-1.67012382999987e-05,-0.03058927761161989,1.232683989999938e-06,0.5798541096461507,-1.5149411200000157e-05,-0.002133800288,0.0029896381000000007,-0.00242359044515,0.007323438388,-0.050371380662
0.0028677581747,0.0026191990962,0.00070981255905,0.0081061563671,0.00357757073375,0.010973914541799999,-0.014799389348450043,1.5584626999998706e-06,0.31570822049242425,-9.420241800000163e-06,-0.008635907974569812,-3.9728380000006447e-07,0.616617051636398,-1.728202090000089e-05,-0.023435297323019855,1.1611788999998061e-06,0.6018176622879507,-1.572355820000232e-05,-0.0021322418253,0.0029739145417999983,-0.00242242926625,0.007306156367099999,-0.0503808009038
0.0028693225923,0.0026094790641,0.0007093355166499,0.0080882807205,0.0035786581089499,0.010957603312800001,-0.009062308581449963,1.5644176000000586e-06,0.32093689865272423,-9.720032099999696e-06,-0.007216759898869912,-4.770424000999536e-07,0.632811488723998,-1.7875646599999767e-05,-0.016279068480320014,1.087375199900105e-06,0.6237491801425505,-1.631122899999754e-05,-0.0021306774077,0.002957603312800001,-0.0024213418910501,0.007288280720499999,-0.0503905209359
0.0028708923273,0.0025994535521999,0.00070877720193,0.0080697994316998,0.00357966952923,0.0109406917589998,-0.0033220936618499897,1.569734999999975e-06,0.3261458312690241,-1.0025511900100311e-05,-0.005798647180290023,-5.583147198999928e-07,0.6489695688761978,-1.848128880019978e-05,-0.009120740842140096,1.0114202800997653e-06,0.6456474752143504,-1.691155380020154e-05,-0.0021291076727,0.0029406917589997993,-0.0024203304707700003,0.0072697994316998,-0.0504005464478001
0.0028724667878,0.002589117284,0.0007081362111599,0.0080507013558,0.0035806029989598996,0.0109231681436,0.0024212654532499434,1.5744604999999579e-06,0.33133440210522397,-1.0336268199899901e-05,-0.0043817337672001355,-6.409907701000707e-07,0.6650900696636977,-1.9098075899800712e-05,-0.0019604683139502477,9.334697298997788e-07,0.6675113351169502,-1.752361539979902e-05,-0.0021275332122000002,0.0029231681436000002,-0.0024193970010401005,0.007250701355799999,-0.050410882716
0.0028740454295,0.0025784654174,0.00070741125604,0.008030976264299999,0.00358145668554,0.0109050216938,0.00816777767054988,1.578641699999904e-06,0.33650198480662397,-1.065186660000007e-05,-0.0029661863000002286,-7.249551198999608e-07,0.6811717472837975,-1.9725091500000236e-05,0.005201591370549652,8.536865801003768e-07,0.6893395249543504,-1.81464498000012e-05,-0.0021259545705000003,0.002905021693799999,-0.00241854331446,0.007230976264299999,-0.0504215345826
0.0028756277581,0.0025674935637,0.0007066011689999,0.008010614885499999,0.0035822289270998997,0.0108862426436,0.013917450858149771,1.582328600000047e-06,0.34164794378772395,-1.0971853699999826e-05,-0.0015521738749603164,-8.100870401000224e-07,0.6972133384335977,-2.0361378800000038e-05,0.012365276983189455,7.722415598996994e-07,0.7111307892917504,-1.877905019999869e-05,-0.0021243722419000003,0.0028862426436000004,-0.0024177710729001004,0.007210614885499999,-0.0504325064363
0.0028772133315999,0.0025561978064,0.0007057049080599,0.007989608944399899,0.0035829182396598,0.0108668222759998,0.01967029194784964,1.5855734999000413e-06,0.34677163515782394,-1.1295757300000195e-05,-0.0001398677979005114,-8.962609399999809e-07,0.7132135622634976,-2.1005941100099915e-05,0.01953042414994921,6.893125599001688e-07,0.7328838542113503,-1.9420367600201174e-05,-0.0021227866684001002,0.002866822275999799,-0.0024170817603402003,0.007189608944399899,-0.0504438021936
0.0028788017615,0.0025445747185,0.0007047215615,0.0079679511985,0.003583523323,0.01084675296,0.025426307040949614,1.5884299001001773e-06,0.35187240768272393,-1.1623087899999881e-05,0.0012705586716593997,-9.833465599e-07,0.7291711224063975,-2.1657745899898717e-05,0.026696865712608986,6.050833402000688e-07,0.7545974294473499,-2.006931599979854e-05,-0.0021211982385,0.0028467529600000006,-0.002416476677,0.0071679511985,-0.0504554252815
0.0028803927152,0.002532621379,0.0007036503521499,0.0079456354732,0.0035840430673499003,0.0108260281884,0.03118550151764954,1.5909537000001472e-06,0.35694960378022395,-1.1953339500000038e-05,0.002678930585309297,-1.0712093501000306e-06,0.7450847090780974,-2.2315725300000797e-05,0.033864432102958864,5.197443499003335e-07,0.7762702105957497,-2.072477160000065e-05,-0.0021196072848,0.0028260281884,-0.0024159569326501,0.007145635473199999,-0.050467378621
0.0028819859177,0.0025203353875,0.00070249064139,0.0079226566927,0.0035844765590899996,0.0108046426104,0.036947880150549506,1.5932024999996616e-06,0.362002560546724,-1.2285991500000058e-05,0.0040850715788491865,-1.1597107598999715e-06,0.7609530012439976,-2.2978780499999588e-05,0.0410329517293988,4.3349174009936486e-07,0.7979008813945496,-2.1385578000000793e-05,-0.0021180140823000002,0.002804642610399999,-0.0024155234409100005,0.0071226566927,-0.050479664612499996
0.0028835811523,0.002507714878,0.0007012419327999,0.0078990109083,0.0035848230850999,0.0107825920606,0.042713447220549594,1.5952346000000853e-06,0.367030610812224,-1.2620509499999995e-05,0.005488804153039095,-1.2487085901000334e-06,0.7767746688449977,-2.364578440000077e-05,0.04820225137358869,3.4652600990016033e-07,0.8194881160655498,-2.205054979999982e-05,-0.0021164188477,0.0027825920605999994,-0.0024151769149001003,0.007099010908299999,-0.050492285122
0.0028851782630999,0.0024947585312,0.00069990387539,0.007874695325499899,0.0035850821384899,0.0107598735885998,0.04848220663594949,1.5971107998999541e-06,0.372033084221424,-1.2956346799999907e-05,0.006889949961228992,-1.3380574099000012e-06,0.7925483750787974,-2.4315582800100294e-05,0.055372156597178535,2.590533900001697e-07,0.8410305817147494,-2.271847200019904e-05,-0.0021148217369001,0.0027598735885998003,-0.0024149178615101,0.0070746953254998985,-0.0505052414688
0.0028867771551,0.0024814655859,0.0006984762666,0.0078497083269,0.0035852534217,0.010736485482,0.054254162054149346,1.5988920001003097e-06,0.3770093083385241,-1.3292945299999987e-05,0.008288330103219,-1.4276087899999911e-06,0.8082727787311974,-2.4986998599898363e-05,0.06254249215736851,1.7128321010010175e-07,0.8625269407853493,-2.338810659980109e-05,-0.0021132228449,0.0027364854819999992,-0.0024147465783,0.0070497083269,-0.0505185344141
0.0028883777961,0.0024678358479,0.00069695905481,0.0078240494919,0.0035853368509099997,0.010712427287999999,0.0600293170053493,1.600640999999646e-06,0.3819586097723241,-1.3629737999999898e-05,0.00968376542462901,-1.5172117899999588e-06,0.8239465365499976,-2.5658835000001018e-05,0.06971308242997853,8.342920999968723e-08,0.8839758535553495,-2.4058194000000505e-05,-0.0021116222039000002,0.0027124272879999987,-0.0024146631490900004,0.007024049491899999,-0.0505321641521
0.0028899802171,0.0024538696989,0.0006953523415399,0.0077977196149000005,0.0035853325586399,0.010687699832,0.06580767501854934,1.6024210000003397e-06,0.38688031531912415,-1.3966149000000077e-05,0.011076076820978914,-1.606713270100018e-06,0.8395683056567975,-2.6329876999998947e-05,0.07688375183952845,-4.292270099678225e-09,0.9053759806753494,-2.4727455999998607e-05,-0.0021100197829,0.002687699832,-0.0024146674413601,0.0069977196149,-0.0505461303011
0.0028915845132,0.0024395681028,0.00069365638325,0.0077707207188,0.0035852408964499997,0.010662305232,0.07158923974884923,1.604296099999656e-06,0.39177375312082413,-1.4301596100000074e-05,0.012465085545768806,-1.695958289900032e-06,0.8551367459904977,-2.6998896100000926e-05,0.08405432529461843,-9.166218990037597e-08,0.9267259857393493,-2.5394600000000836e-05,-0.0021084154868000003,0.0026623052319999993,-0.0024147591035500004,0.006970720718799999,-0.0505604318972
0.0028931908443,0.0024249326111999,0.00069187159274,0.0077430560666998,0.00358506243704,0.0106362469109998,0.07737401510634923,1.6063311000001981e-06,0.396638253834824,-1.463549160009986e-05,0.013850613521758814,-1.784790509999916e-06,0.8706505227759975,-2.766465210019952e-05,0.09122462862810843,-1.7845940999960952e-07,0.9480245378823489,-2.6058321000199322e-05,-0.0021068091557,0.0026362469109998,-0.00241493756296,0.0069430560666998,-0.0505750673888001
0.002894799435,0.0024099653673,0.00068999854018,0.0077147301696,0.00358479797518,0.0106095296046,0.08316200538564933,1.6085906999999296e-06,0.40147315181332394,-1.4967243899900121e-05,0.015232483654678802,-1.873052560000081e-06,0.8861083090122973,-2.832589709979988e-05,0.09839448904032833,-2.644618600001515e-07,0.9692703143979486,-2.6717306399800383e-05,-0.002105200565,0.0026095296045999996,-0.00241520202482,0.0069147301696,-0.050590034632699996
0.0028964105756,0.0023946691079,0.0006880379537399,0.0076857487914,0.0035844485293398997,0.010582159367,0.08895321539624923,1.6111405999998454e-06,0.40627778628852396,-1.529625939999989e-05,0.016610520148598706,-1.960586440100001e-06,0.9015087879732973,-2.8981378199999935e-05,0.10556373554484821,-3.4944584010026397e-07,0.9904620033695486,-2.7370237599999223e-05,-0.0021035894244000003,0.0025821593670000004,-0.0024155514706601005,0.0068857487914,-0.050605330892099995
0.0028980246215,0.0023790471648,0.00068599071979,0.0076561189511,0.00358401534129,0.0105541435726,0.09474765059334922,1.6140458999999892e-06,0.4110515025612239,-1.5621943099999955e-05,0.017984548822128604,-2.0472339498999554e-06,0.9168506557157972,-2.9629840300000355e-05,0.11273219941547818,-4.33188049899641e-07,1.0115983063091485,-2.8015794399999933e-05,-0.0021019753785000003,0.0025541435726000004,-0.00241598465871,0.0068561189510999996,-0.050620952835199996
0.0028996419934,0.0023631034636,0.0006838578827299,0.0076258489206,0.0035834998761299,0.010525490914,0.10054531720824922,1.6173719000001432e-06,0.4157936531896239,-1.5943701200000007e-05,0.019354397424648506,-2.132837060100012e-06,0.9321326235874972,-3.027003049999987e-05,0.11989971463289817,-5.154651601000856e-07,1.0326779407957487,-2.8652658600001463e-05,-0.0021003580066,0.002525490913999999,-0.0024165001238701,0.0068258489206,-0.0506368965364
0.0029012631771999,0.0023468425217,0.00068164064444,0.0075949482205999,0.0035829038216399,0.0104962113977998,0.10634622237884905,1.6211837999000403e-06,0.42050359917492386,-1.6260941899999982e-05,0.020719895951818418,-2.2172382898999607e-06,0.9473534207286971,-3.090070000009992e-05,0.12706611833066805,-5.960544900000288e-07,1.0536996431075487,-2.9279516200199016e-05,-0.0020987368228001,0.0024962113977998,-0.0024170961783601,0.0067949482205999,-0.0506531574783
0.0029028887233,0.0023302694448,0.00067934036327,0.0075634276129,0.00358222908657,0.0104663163362,0.11215037427934893,1.6255461000999269e-06,0.42518071114142386,-1.6573076900000018e-05,0.022080876959528428,-2.300281170000045e-06,0.962511796562197,-3.152060769990011e-05,0.1342312512388779,-6.747350698999011e-07,1.0746621708415485,-2.9895061599800182e-05,-0.0020971112767,0.0024663163361999998,-0.00241777091343,0.0067634276129,-0.0506697305552
0.0029045192459,0.0023133899216999,0.0006769585527,0.0075312990892998,0.0035814777986,0.0104358183351998,0.11795778224854903,1.6305226000000277e-06,0.42982437050792366,-1.6879523100100154e-05,0.02343717587549843,-2.3818105699999854e-06,0.9776065232643968,-3.212852360019985e-05,0.1413949581240479,-7.512879700000662e-07,1.0955643055129483,-3.0498001000200253e-05,-0.0020954807541,0.0024358183351997995,-0.0024185222014,0.0067312990892998,-0.050686610078300096
0.0029061554226,0.0022962102175,0.00067449687954,0.0074985758576,0.00358065230214,0.010404731280199999,0.12376845691704907,1.6361766999998563e-06,0.43443397064712364,-1.717970419989976e-05,0.024788631307738423,-2.4616731600000073e-06,0.9926363982112967,-3.27232316998001e-05,0.14855708822478797,-8.25496460000151e-07,1.116404855128348,-3.1087054999800676e-05,-0.0020938445774000003,0.002404731280199999,-0.0024193476978600003,0.0066985758576,-0.0507037897825
0.0029077979934,0.0022787371656,0.00067195716182,0.0074652723246,0.00357975515522,0.010373070318,0.12958241033304907,1.6425708000001975e-06,0.4390089180302237,-1.7473051899999977e-05,0.02613508534909842,-2.5397177199999385e-06,1.0076002463934968,-3.330353300000019e-05,0.15571749568214788,-8.97146919999741e-07,1.1371826567265482,-3.166096219999956e-05,-0.0020922020066,0.0023730703179999993,-0.00242024484478,0.0066652723245999995,-0.0507212628344
0.0029094477594,0.0022609781582,0.0006693413662,0.007431404075799999,0.0035787891255999998,0.0103408518352,0.13539965608584914,1.6497659999998096e-06,0.44354863335402367,-1.775900740000032e-05,0.027476383877118427,-2.6157956200000866e-06,1.0224969227938967,-3.386824880000083e-05,0.16287603996296784,-9.66029620000277e-07,1.157896578879748,-3.2218482800000156e-05,-0.0020905522406000003,0.002340851835199999,-0.0024212108744000004,0.006631404075799999,-0.0507390218418
0.0029111055816,0.0022429411351,0.0006666516051,0.007396987851799999,0.0035777571867,0.0103080934334,0.1412202094268492,1.6578222000003182e-06,0.4480525526473237,-1.803702310000004e-05,0.02881237684841842,-2.6897610999999195e-06,1.0373253147214967,-3.441622399999976e-05,0.17003258627526785,-1.0319388999997098e-06,1.1785455241483478,-3.2758401799998574e-05,-0.0020888944184,0.0023080934334000006,-0.0024222428133,0.006596987851799999,-0.0507570588649
0.0029127723798,0.0022246345719,0.0006638901333699,0.0073620415236,0.0035766625131699002,0.010274813903400001,0.14704408738824915,1.6667982000000137e-06,0.45252012835432376,-1.830656319999971e-05,0.030142918586888306,-2.761471730100074e-06,1.0520843440968968,-3.4946328199999405e-05,0.1771870059751377,-1.0946735300998434e-06,1.1991284314851476,-3.327952999999939e-05,-0.0020872276202,0.002274813903400001,-0.0024233374868301,0.0065620415235999995,-0.050775365428099996
0.0029144491306,0.0022060674655,0.00066105934465,0.0073265840616,0.0035755084752499998,0.010241033192199999,0.1528713088986492,1.6767507999997967e-06,0.4569508303917237,-1.856710640000007e-05,0.0314678680649082,-2.8307887198999364e-06,1.0667729696820967,-3.545746199999991e-05,0.18433917696355762,-1.154037919900465e-06,1.2196442785807478,-3.3780711200002284e-05,-0.0020855508694,0.002241033192199999,-0.0024244915247500004,0.0065265840616,-0.0507939325345
0.0029161368663,0.0021872493195,0.0006581617673799,0.0072906355053,0.0035742986336799003,0.0102067723716,0.1587018948955491,1.6877357000002688e-06,0.4613441471767238,-1.8818146000000157e-05,0.032787089176938095,-2.8975772701000718e-06,1.0813901892489968,-3.5948556300000045e-05,0.1914889840724876,-1.2098415700994777e-06,1.240092084144548,-3.426082059999891e-05,-0.0020838631337,0.0022067723716,-0.0024257013663201,0.0064906355053,-0.0508127506805
0.0029178366723,0.002168190128,0.0006552000604199,0.0072542169283,0.0035730367327199,0.0101720536006,0.16453586843414902,1.6998059999997865e-06,0.4656995866242238,-1.9059191499999975e-05,0.034100451004737894,-2.961706959999982e-06,1.0959350416825968,-3.641857699999973e-05,0.19863631943888738,-1.2619009600004123e-06,1.260470910116748,-3.471877099999951e-05,-0.0020821633277,0.0021720536006000005,-0.0024269632672801003,0.0064542169283,-0.050831809872
0.0029195496858,0.0021489003575,0.00065217700836,0.0072173504008,0.00357172669416,0.0101369000866,0.17037325479224907,1.7130135000001379e-06,0.47001667710972383,-1.9289770499999765e-05,0.03540782807351779,-3.023052059900012e-06,1.1104066090116969,-3.686652750000026e-05,0.20578108286576735,-1.3100385598996574e-06,1.280779863803948,-3.515351400000012e-05,-0.0020804503142,0.0021369000866000003,-0.00242827330584,0.0064173504008,-0.0508510996425
0.0029212770934,0.0021293909282,0.00064909551656,0.0071800589498,0.0035703726099599997,0.0101013360432,0.17621408157144913,1.7274075999997376e-06,0.47429496839542384,-1.9509429300000082e-05,0.03670910059843778,-3.0814917999999686e-06,1.1248040183622972,-3.729145099999956e-05,0.21292318216988737,-1.3540842000005562e-06,1.3010180999337482,-3.556404340000069e-05,-0.0020787229066000002,0.0021013360431999997,-0.0024296273900400005,0.0063800589498,-0.0508706090718
0.0029230201286,0.0021096731945,0.00064595860576,0.0071423665176,0.0035689787343600003,0.0100653866462,0.18205837879344922,1.7430352000002633e-06,0.47853403251812376,-1.9717733699999886e-05,0.038004154720757785,-3.1369108000000277e-06,1.139126443829697,-3.7692432200000375e-05,0.22006253351420746,-1.3938755999993307e-06,1.321184822623148,-3.5949396999999245e-05,-0.0020769798714,0.0020653866462000004,-0.00243102126564,0.0063423665176,-0.0508903268055
0.00292478007,0.0020897589232,0.00064276940652,0.0071042979164,0.00356754947652,0.0100290779864,0.1879061789920492,1.7599413999996698e-06,0.4827334646358238,-1.9914271300000043e-05,0.0392928827330378,-3.1891992399999455e-06,1.1533731082636973,-3.806860119999998e-05,0.22719906172508741,-1.4292578400004925e-06,1.341279287255748,-3.630865979999988e-05,-0.0020752199300000003,0.0020290779864000005,-0.0024324505234800003,0.0063042979164,-0.0509102410768
0.0029265582384,0.0020696602717,0.00063953115332,0.007065878781799999,0.00356608939172,0.0099924370202,0.1937575173004492,1.7781684000001304e-06,0.4868928838307237,-2.0098651500000293e-05,0.040575183292877806,-3.2382532000000547e-06,1.1675432849618974,-3.841913460000089e-05,0.23433270059332734,-1.4600847999999243e-06,1.3613008022623478,-3.664096620000119e-05,-0.0020734417616,0.0019924370201999993,-0.0024339106082800002,0.006265878781799999,-0.0509303397283
0.0029283559943,0.0020493897649,0.00063624717838,0.0070271355241,0.00356460317268,0.0099554915184,0.19961243153314923,1.797755900000142e-06,0.49101193386732367,-2.027050679999972e-05,0.04185096162457781,-3.2839749400000173e-06,1.1816362992677973,-3.87432576999993e-05,0.24146339315772725,-1.4862190399998754e-06,1.3812487308009478,-3.6945501799999156e-05,-0.0020716440057,0.0019554915184,-0.00243539682732,0.0062271355240999995,-0.050950610235099995
0.0029301747352,0.0020289602711,0.00063292090523,0.0069880952774,0.0035630956404300003,0.0099182700126,0.20547096226264927,1.8187408999999904e-06,0.49509028390332366,-2.0429493800000215e-05,0.04312012970818781,-3.3262731499999077e-06,1.1956515300692976,-3.904024669999957e-05,0.24859109197083717,-1.5075322499997004e-06,1.4011224923319476,-3.722150579999958e-05,-0.0020698252648,0.0019182700126000006,-0.00243690435957,0.0061880952774,-0.0509710397289
0.0029320158929,0.0020083849766,0.00062955584212,0.0069487858461,0.00356157173502,0.009880801739,0.21133315289074928,1.8411577000000158e-06,0.4991276291510237,-2.0575294500000015e-05,0.04438260645553782,-3.365063110000047e-06,1.2095884111927973,-3.930943130000045e-05,0.2557157593462871,-1.523905410000248e-06,1.4209215640835478,-3.7468273600000865e-05,-0.0020679841071,0.0018808017389999997,-0.00243842826498,0.0061487858460999995,-0.0509916150234
0.0029338809304,0.0019876773604,0.00062615557511,0.0069092356512,0.00356003650551,0.0098431165816,0.21719904971404935,1.8650374999998331e-06,0.5031236914880237,-2.0707616199999897e-05,0.04563831787276783,-3.400267010000022e-06,1.2234464326900973,-3.955019489999996e-05,0.2628373675868172,-1.5352295099999719e-06,1.4406454824041477,-3.768515740000013e-05,-0.0020661190696,0.0018431165815999996,-0.00243996349449,0.0061092356511999995,-0.0510123226396
0.0029357713392,0.0019668511677,0.00062272376101,0.0068694736746,0.00355849510021,0.0098052450138,0.22306870198364936,1.8904087999999791e-06,0.5070782200161237,-2.0826192699999885e-05,0.04688719720888783,-3.4318141000000066e-06,1.2372251420158973,-3.976197659999979e-05,0.26995589919253726,-1.5414053000000275e-06,1.4602938439995476,-3.787156779999981e-05,-0.0020642286608,0.0018052450137999998,-0.00244150489979,0.0060694736746,-0.0510331488323
0.0029376886359,0.0019459203819,0.0006192641201599,0.0068295293997,0.0035569527560599,0.0097672180356,0.2289421619587494,1.9172967000002233e-06,0.5109909915657236,-2.0930785800000106e-05,0.04812918509005773,-3.459640850100019e-06,1.2509241450901973,-3.994427490000042e-05,0.2770713470488071,-1.5423441501001209e-06,1.4798663070489475,-3.80269782000002e-05,-0.0020623113641,0.0017672180355999996,-0.0024430472439401,0.006029529399699999,-0.0510540796181
0.0029396343595,0.0019248991977,0.000615780429,0.0067894327549,0.0035554147885000003,0.0097290671144,0.23481948495414928,1.945723599999956e-06,0.5148618111453236,-2.1021184200000062e-05,0.04936422963921763,-3.483691159899909e-06,1.2645431072447972,-4.0096644799999734e-05,0.284183714593367,-1.5379675598996279e-06,1.4993625921989473,-3.815092119999891e-05,-0.0020603656405,0.0017290671144000007,-0.0024445852115,0.0059894327548999995,-0.051075100802299996
0.0029416100678,0.0019038019921,0.0006122765125,0.006749214052,0.0035538865803,0.0096908241198,0.24070072938144926,1.9757082999997955e-06,0.5186905123351235,-2.1097205600000002e-05,0.05059228658071764,-3.503916499999994e-06,1.2780817540516973,-4.021870290000021e-05,0.29129301596216695,-1.5282082000004152e-06,1.5187824834331474,-3.824299460000041e-05,-0.0020583899322000002,0.0016908241198000003,-0.0024461134197,0.005949214051999999,-0.051096198007899996
0.0029436173345,0.0018826432959,0.00060875623652,0.006708903926300001,0.00355237357102,0.0096525212608,0.24658595678374928,2.0072667000002424e-06,0.5224769576231236,-2.1158696199999848e-05,0.05181331932973765,-3.5202759800000497e-06,1.2915398720299973,-4.031012569999902e-05,0.29839927611348704,-1.5130092799998072e-06,1.5381258288137472,-3.830285900000008e-05,-0.0020563826655,0.0016525212608000002,-0.00244762642898,0.0059089039263,-0.051117356704099996
0.0029456577458,0.0018614377639,0.0006052235,0.006668533273599999,0.0035508812458,0.0096141910194,0.25247523186404924,2.040411299999729e-06,0.5262210386829236,-2.1205532000000095e-05,0.05302729906625764,-3.5327365200000377e-06,1.304917309229897,-4.037065270000133e-05,0.305502530930307,-1.4923252200003088e-06,1.5573925410939473,-3.83302414000003e-05,-0.0020543422542000003,0.0016141910194,-0.0024491187542000003,0.005868533273599999,-0.0511385622361
0.0029477328969,0.0018402001460999,0.00060168222711,0.0066281331890998,0.00354941512401,0.0095758660859998,0.2583686225067492,2.0751510999999535e-06,0.5299226765929235,-2.1237617800100046e-05,0.054234204793367644,-3.5412728899999026e-06,1.3182139756925968,-4.0400084500199704e-05,0.3126028273001169,-1.4661217899998406e-06,1.576582598199347,-3.8324933400200184e-05,-0.0020522671031000003,0.0015758660859997997,-0.00245058487599,0.005828133189099799,-0.051159799853900095
0.0029498443890999,0.0018189452572,0.0005981363592799,0.0065877349034998995,0.0035479807483798,0.0095375792925998,0.2642661997927491,2.111492199900148e-06,0.5335818219962234,-2.1254888899899932e-05,0.055434023379757544,-3.54586783010008e-06,1.3314298437851964,-4.039828559990015e-05,0.3197002231725068,-1.434375630199932e-06,1.5956960435779468,-3.8286793400000435e-05,-0.0020501556109001,0.0015375792925997993,-0.0024520192516202,0.005787734903499899,-0.0511810547428
0.0029519938259,0.001797687947,0.00059458984727,0.0065473697199,0.0035465836731699996,0.0094993635458,0.27016803800774897,2.149436800099897e-06,0.5371984552004234,-2.125731020000002e-05,0.05662674958630745,-3.546512009899969e-06,1.3445649484085962,-4.036518359989971e-05,0.32679478759405667,-1.397075209800397e-06,1.6147329864163467,-3.821574679980025e-05,-0.0020480061741000003,0.001499363545799999,-0.0024534163268300005,0.005747369719899999,-0.051202312053
0.0029541828103,0.0017764430703,0.00059104664314,0.0065070689509,0.00354522945344,0.0094612517612,0.276074214643949,2.1889844000000727e-06,0.5407725862177235,-2.1244876700000047e-05,0.057812386076717445,-3.5432041299999616e-06,1.357619387079396,-4.030076900000002e-05,0.33388660072066667,-1.354219729999672e-06,1.6336936017233465,-3.811178459999995e-05,-0.0020458171897,0.001461251761199999,-0.00245477054656,0.005707068950899999,-0.0512235569297
0.0029564129407,0.0017552254563,0.00058751069224,0.0064668638533,0.00354392363294,0.009423276793999999,0.28198481039494894,2.2301304000000265e-06,0.5443042547443235,-2.1217613999999956e-05,0.05899094341209746,-3.5359509000000566e-06,1.370593319883596,-4.0205097599999885e-05,0.3409757538070466,-1.3058205000000302e-06,1.6525781302785467,-3.797496720000029e-05,-0.0020435870593,0.0014232767939999988,-0.00245607636706,0.0056668638532999995,-0.0512447745437
0.0029586858079999,0.0017340498796,0.00058398592524,0.0064267855671999,0.0035426717332399,0.0093854713751998,0.2878999091436489,2.2728672999000783e-06,0.5477935300802235,-2.117557670000005e-05,0.06016244002957746,-3.524766999999946e-06,1.3834869693040956,-4.007828610010002e-05,0.3480623491732264,-1.2518997000998677e-06,1.6713868784477464,-3.780541880019951e-05,-0.0020413141920001,0.0013854713751997993,-0.0024573282667601,0.0056267855671998995,-0.0512659501204
0.0029610029922,0.0017129310292,0.00058047625017,0.0063868650506,0.00354147924237,0.0093478680428,0.2938195979438488,2.3171842000999955e-06,0.5512405109890235,-2.111885039999986e-05,0.06132690220498746,-3.509675070000073e-06,1.3963006199218957,-3.992051659989972e-05,0.3551465001488363,-1.192490869899969e-06,1.690120217865746,-3.7603332399799294e-05,-0.0020389970078,0.0013478680428,-0.00245852075763,0.0055868650506,-0.0512870689708
0.002963366059,0.0016918834795,0.00057698554453,0.006347133018,0.00354035160353,0.009310499077,0.29974396699504885,2.363066800000011e-06,0.5546453254977235,-2.1047549700000095e-05,0.06248436399968746,-3.4907056399999725e-06,1.4090346179904958,-3.9732032599999745e-05,0.3622283309947363,-1.1276388400000698e-06,1.708778584985546,-3.736896580000017e-05,-0.002036633941,0.0013104990769999998,-0.00245964839647,0.005547133018,-0.0513081165205
0.0029657765564999,0.001670921661,0.00057351764747,0.0063076198784999,0.0035392942039698997,0.0092733964349998,0.3056731096105488,2.4104974998997823e-06,0.5580081306382234,-2.096181849999988e-05,0.06363486719168746,-3.467897060000012e-06,1.4216893708869958,-3.951313950010041e-05,0.36930797680223626,-1.0573995601003382e-06,1.7273624804975458,-3.710264200020019e-05,-0.0020342234435001003,0.0012733964349997996,-0.0024607057960301004,0.0055076198784999,-0.051329078338999995
0.0029682360119,0.0016500598307,0.00057007635209,0.006268355673300001,0.00353831236399,0.0092365916852,0.3116071221789487,2.459455400100237e-06,0.5613291121299234,-2.0861830300000035e-05,0.06477846119124744,-3.4412953799999426e-06,1.4342653464387958,-3.92642051998994e-05,0.3763855833701961,-9.818399798995972e-07,1.7458724686177456,-3.680474979980003e-05,-0.0020317639881,0.0012365916851999996,-0.00246168763601,0.0054683556733,-0.0513499401693
0.0029707459285999,0.0016293120442,0.00056666539783,0.0062293700169998995,0.0035374113264299,0.0092001159455998,0.31754610411944856,2.509916699899948e-06,0.5646084840048234,-2.0747786500000106e-05,0.06591520294116746,-3.4109542600000353e-06,1.4467630721290954,-3.898565630010113e-05,0.3834613070606161,-9.010375601001958e-07,1.7643091762485452,-3.647573960019988e-05,-0.0020292540714001,0.0012001159455997997,-0.0024625886735701002,0.005429370016999899,-0.0513706879558
0.0029733077827,0.0016086921272,0.000563288463,0.0061906920370999995,0.0035365962456999998,0.0091639998198,0.3234901578307484,2.5618541000999896e-06,0.5678464881762234,-2.0619916999999955e-05,0.06704515680199745,-3.376934830000007e-06,1.4591831341831956,-3.867797989989992e-05,0.39053531463274593,-8.150807299001257e-07,1.7826732920139452,-3.6116125799800364e-05,-0.0020266922173,0.0011639998197999993,-0.0024634037543000004,0.005390692037099999,-0.051391307872799996
0.0029759230201,0.0015882136484,0.00055994915752,0.0061523503169,0.00353587217762,0.009128273337,0.3294393886335484,2.6152373999999146e-06,0.5710433939518235,-2.047847880000007e-05,0.06816839442251746,-3.3393054800000092e-06,1.4715261765371954,-3.834172019999936e-05,0.39760778305606603,-7.24068079999661e-07,1.8009655651707452,-3.5726482799999446e-05,-0.0020240769799,0.001128273337,-0.00246412782238,0.0053523503169,-0.0514117863516
0.0029785930534,0.0015678898926,0.00055665101575,0.0061143728386,0.00353524406915,0.009092965892,0.33539390470704833,2.6700333000001e-06,0.5741994974928234,-2.0323755799999885e-05,0.06928499459578745,-3.298141770000031e-06,1.4837928996926957,-3.79774783000001e-05,0.40467889930283607,-6.281084700002562e-07,1.8191868043997452,-3.530744500000044e-05,-0.0020214069466,0.0010929658919999995,-0.0024647559308500003,0.0053143728386,-0.0514321101074
0.0029813192590999,0.0015477338342999,0.00055339748959,0.0060767869276997,0.0035347167486899003,0.0090581061867996,0.3413538170195482,2.7262056999000257e-06,0.5773151212197233,-2.0156058300100114e-05,0.07039504310112746,-3.253526159999946e-06,1.4959840594589953,-3.75859109003002e-05,0.411748860120676,-5.273204600995951e-07,1.8373378764785446,-3.485970520039974e-05,-0.0020186807409001,0.0010581061867995997,-0.0024652832513101,0.0052767869276996995,-0.051452266165700096
0.0029841029748,0.0015277581131,0.00055019194174,0.006039619201,0.00353429491654,0.009023722175800001,0.3473192392534481,2.783715700100005e-06,0.5803906131671231,-1.9975721199899914e-05,0.07149863253245745,-3.2055478500000057e-06,1.5081004655876948,-3.7167726699699824e-05,0.4188178717859059,-4.218321499002177e-07,1.855419704841144,-3.438401099959895e-05,-0.0020158970252,0.0010237221758000008,-0.00246570508346,0.005239619201,-0.0514722418869
0.0029869454962,0.0015079750087,0.00054703763922,0.0060028955136000005,0.00353398313542,0.0089898410098,0.35329028772444815,2.8425213999998603e-06,0.5834263462889232,-1.9783104399999927e-05,0.07259586211341744,-3.1543025200000486e-06,1.5201429803022948,-3.672368739999956e-05,0.4258861498378659,-3.117811200000799e-07,1.8734332680267443,-3.3881166000001434e-05,-0.0020130545038,0.0009898410097999993,-0.00246601686458,0.0052028955136,-0.0514920249913
0.0029898480748,0.0014883964179,0.0005439377471099,0.0059666409106,0.0035337858219099,0.0089564889854,0.35926708129544815,2.902578600000316e-06,0.5864227177155231,-1.957859079999998e-05,0.07368683749974735,-3.0998921100999907e-06,1.5321125167264946,-3.625460300000008e-05,0.43295391879519585,-1.973135100997829e-07,1.8913795980219443,-3.3352024399999763e-05,-0.0020101519252,0.0009564889853999996,-0.0024662141780901,0.0051666409106,-0.051511603582099996
0.0029928119151,0.0014690338316,0.00054089532259,0.0059308795783,0.0035337072376899997,0.008923691493399999,0.36524974128534815,2.9638402999996455e-06,0.5893801479650231,-1.9362586300000068e-05,0.07477167056944725,-3.0424245199000026e-06,1.5440100372153949,-3.576133230000049e-05,0.4400214118547958,-7.858421990046549e-08,1.9092597785007441,-3.2797492000000844e-05,-0.0020071880849000003,0.0009236914933999987,-0.0024662927623100004,0.0051308795782999995,-0.0515309661684
0.0029958381724,0.0014498983139999,0.00053791330922,0.0058956348003998,0.00353375148162,0.0088914729727998,0.37123839137284814,3.0262573000000396e-06,0.5922990801106229,-1.9135517600100136e-05,0.07585047920125725,-2.982013369999992e-06,1.5558365515940946,-3.524477790020023e-05,0.44708887057410585,4.424393000015611e-08,1.9270749429669438,-3.221852060019889e-05,-0.0020041618276,0.0008914729727997998,-0.0024662485183800003,0.005095634800399799,-0.0515501016860001
0.0029989279503,0.0014310004815999,0.0005349945315199,0.0058609289134998,0.0035339224818199,0.0088598568637998,0.37723315749554814,3.089777900000014e-06,0.5951799789062227,-1.889783239999998e-05,0.07692338704199714,-2.918777700099931e-06,1.5675931153079943,-3.470588689999995e-05,0.4541565445375458,1.7100019990019116e-07,1.9448262728035433,-3.1616108999999934e-05,-0.0020010720497,0.0008598568637997999,-0.0024660775181801,0.005060928913499799,-0.0515689995184001
0.0030020822988,0.0014123504843,0.00053214168986,0.0058267832674,0.00353422398866,0.0088288655662,0.38323416774464814,3.1543485000001294e-06,0.5980233298721226,-1.864999729989992e-05,0.07799052326337703,-2.8528416598999976e-06,1.5792808274888939,-3.414564609979971e-05,0.46122469100802566,3.015068401001318e-07,1.9625149952335432,-3.0991297599800016e-05,-0.0019979177012,0.0008288655661999999,-0.00246577601134,0.0050267832674,-0.051587649515699996
0.0030053022121,0.0013939579875999,0.00052935735568,0.0057932181872998,0.00353465956778,0.0087985203993998,0.3892415522555482,3.219913299999915e-06,0.6008296383440225,-1.839249670009999e-05,0.07905202230891703,-2.784334180000003e-06,1.5909008289435937,-3.356508010020007e-05,0.4682935745644657,4.3557911999980367e-07,1.9801423811991432,-3.034516680019972e-05,-0.0019946977879,0.0007985203993998002,-0.00246534043222,0.0049932181872998,-0.0516060420124001
0.0030085886265,0.0013758321550999,0.00052664396701,0.0057602529366998,0.00353523259351,0.008768841563199799,0.39525544309414823,3.286414399999906e-06,0.6035994284867222,-1.8125832500000055e-05,0.08010802363160703,-2.7133886700000465e-06,1.6024543000675933,-3.2965250600000204e-05,0.47536346672575563,5.73025729999968e-07,1.997709743161743,-2.96788362000016e-05,-0.0019914113735000002,0.0007688415631997986,-0.00246476740649,0.004960252936699799,-0.0516241678449001
0.0030119424192,0.001357981634,0.00052400382437,0.0057279056872,0.00353594624357,0.0087398481064,0.4012759741398482,3.353792700000035e-06,0.6063332422758222,-1.785052109990002e-05,0.08115867142298702,-2.640142640000006e-06,1.613942458691493,-3.234724949979957e-05,0.48243464556283566,7.13650060000029e-07,2.015218432831343,-2.8993456799799103e-05,-0.0019880575808,0.0007398481063999995,-0.00246405375643,0.0049279056872,-0.051642018366
0.0030153644064,0.0013404145401,0.00052143908698,0.0056961934866,0.00353680349338,0.008711557893,0.40730328096544827,3.4219872000001116e-06,0.6090316384499221,-1.756709389999999e-05,0.08220411433433703,-2.5647373900000107e-06,1.625366557865293,-3.1712200599999865e-05,0.4895073952997857,8.57249809999884e-07,2.032669838830743,-2.829021339999932e-05,-0.0019846355936,0.0007115578930000001,-0.0024631965066200003,0.0048961934866,-0.0516595854599
0.0030188553415,0.0013231384455,0.0005189517693299,0.0056651322325,0.0035378071108299004,0.008683987574000001,0.41333750071334824,3.490935100000127e-06,0.6116951914355222,-1.7276094600000022e-05,0.08324450519064693,-2.487317650099927e-06,1.6367278835843928,-3.106125410000035e-05,0.4965820059039956,1.0036174499005249e-06,2.050065384297743,-2.7570318999999358e-05,-0.0019811446585,0.0006839875740000008,-0.0024621928891700997,0.0048651322325,-0.0516768615545
0.0030224159144,0.0013061603667,0.00051654373821,0.0056347366478,0.00353895965261,0.0086571525622,0.4193787719692482,3.560572899999684e-06,0.6143244902477223,-1.6978078799999904e-05,0.08428000069818682,-2.408031119900027e-06,1.6480277524646931,-3.0395584700000124e-05,0.5036587726674355,1.1525417800994399e-06,2.0674065244339426,-2.6835011800001307e-05,-0.0019775840856000003,0.0006571525621999995,-0.0024610403473900003,0.0048347366477999995,-0.0516938396333
0.0030260467501,0.001289486755,0.00051421670997,0.0056050202601,0.00354026346007,0.0086310670102,0.42542723463374826,3.630835700000213e-06,0.6169201373694222,-1.6673611699999933e-05,0.08531076114636683,-2.3270282400000668e-06,1.6592675093725928,-2.9716387699999652e-05,0.5107379957801155,1.3038074600001462e-06,2.0846947440063426,-2.6085551999999873e-05,-0.0019739532499,0.0006310670101999996,-0.00245973653993,0.0048050202601,-0.051710513245
0.0030297484077,0.0012731234879,0.00051197224827,0.0055759953835,0.00354172065597,0.0086057437912,0.43148302979154823,3.7016576000001127e-06,0.6194827476123221,-1.6363267100000028e-05,0.08633695010460685,-2.2444616999999422e-06,1.6704485250161927,-2.9024876599999944e-05,0.5178199798961556,1.457195900000062e-06,2.1019315548077424,-2.5323218999999397e-05,-0.0019702515923,0.0006057437912000002,-0.00245827934403,0.0047759953835,-0.0517268765121
0.0030335213796,0.0012570758618,0.00050981176219,0.0055476731032,0.00354333314179,0.0085811944828,0.4375462995788482,3.772971899999693e-06,0.6220129469620221,-1.6047626100000123e-05,0.08735873411506685,-2.160486080000001e-06,1.6815721935028929,-2.832228030000012e-05,0.5249050336939156,1.6124858199999086e-06,2.119118493081743,-2.4549308400000427e-05,-0.0019664786204000003,0.0005811944827999998,-0.00245666685821,0.0047476731032,-0.051742924138199996
0.0030373660907,0.0012413485862,0.00050773650475,0.0055200632631000005,0.00354510259545,0.0085574293538,0.4436171870491482,3.844711100000307e-06,0.6245113714100222,-1.5727275599999955e-05,0.08837628238200686,-2.0752574400000187e-06,1.692639929869193,-2.7609840099999602e-05,0.5319934694311557,1.7694536600001802e-06,2.136257116918343,-2.3765129000000162e-05,-0.0019626339093,0.0005574293537999996,-0.00245489740455,0.0047200632631,-0.0517586514138
0.0030412828984,0.0012259457801,0.00050574757175,0.0054931744586,0.00354703047015,0.008534457357,0.44969583603824825,3.916807699999841e-06,0.6269786657763222,-1.5402806099999982e-05,0.08938976645850685,-1.9889330000000347e-06,1.7036531675908932,-2.6888804500000557e-05,0.5390856024967556,1.9278747000000228e-06,2.1533490036291427,-2.2971996800000283e-05,-0.0019587171016,0.0005344573569999993,-0.00245296952985,0.0046931744586,-0.0517740542199
0.0030452720917,0.0012108709688,0.00050384590112,0.0054670140293,0.00354911799282,0.008512286120999999,0.4557823910283482,3.989193299999954e-06,0.6294154825252222,-1.5074811299999958e-05,0.09039935993137685,-1.9016706299999995e-06,1.714613356078793,-2.616042929999996e-05,0.5461817509597255,2.0875226699997376e-06,2.1703957471071424,-2.217123600000044e-05,-0.0019547279083,0.0005122861209999989,-0.0024508820071800002,0.0046670140293,-0.0517891290312
0.0030493338914,0.0011961270831,0.00050203227257,0.0054415880576,0.0035513661639699997,0.008490921948999999,0.4618769970114482,4.061799699999879e-06,0.6318224805771221,-1.4743885700000108e-05,0.09140523810506684,-1.8136285499999487e-06,1.725521958165693,-2.5425971699999904e-05,0.5532822351165154,2.248171149999822e-06,2.1873989551771427,-2.136417200000046e-05,-0.0019506661086000003,0.0004909219489999984,-0.0024486338360300004,0.0046415880576,-0.0518038729169
0.0030534684498,0.0011817164595,0.00050030730772,0.0054169013688,0.00355377575752,0.0084703698186,0.46797979935264816,4.134558400000106e-06,0.6342003241197222,-1.4410623599999837e-05,0.09240757768535685,-1.7249648499999574e-06,1.736380447592093,-2.4686688800000002e-05,0.5603873770380055,2.409593550000474e-06,2.2043602469447428,-2.055213039999816e-05,-0.0019465315502000002,0.0004703698186000003,-0.00244622424248,0.0046169013688,-0.0518182835405
0.0030576758515,0.001167640842,0.00049867147058,0.0053929575355000006,0.00355634732208,0.008450633387,0.47409094365394816,4.207401700000082e-06,0.6365496814212221,-1.407561750000003e-05,0.09340655646365686,-1.6358371400000552e-06,1.747190306496393,-2.3943833299999544e-05,0.5674975001176052,2.5715645599997013e-06,2.2212812501503425,-1.9736431599999896e-05,-0.0019423241485,0.0004506333870000004,-0.0024436526779200002,0.0045929575355,-0.051832359157999996
0.0030619561129,0.0011539013856,0.00049712506843,0.0053697588841,0.00355908118133,0.008431714997,0.4802105756183481,4.280261399999905e-06,0.6388712236488222,-1.3739456400000067e-05,0.09440235300266686,-1.5464021499999887e-06,1.7579530229159928,-2.3198651400000228e-05,0.5746129286210152,2.7338592500001334e-06,2.2381635985343427,-1.8918390000000757e-05,-0.0019380438871000002,0.00043171499699999963,-0.00244091881867,0.0045697588841,-0.051846098614399996
0.0030663091835,0.001140498661,0.00049566825311,0.0053473065055,0.00356197743661,0.008413615689,0.48633884091474816,4.353070600000147e-06,0.6411656236954222,-1.3402724600000042e-05,0.09539514632420687,-1.4568153200000388e-06,1.7686700883055928,-2.245237860000037e-05,0.5817339872389552,2.8962552799998917e-06,2.2550089292203426,-1.8099307999999356e-05,-0.0019336908165,0.00041361568900000027,-0.00243802256339,0.0045473065055,-0.051859501339
0.0030707349459999,0.0011274326610999,0.00049430102269,0.0053256002681997,0.0035650359686899,0.0083963352141996,0.49247588504424805,4.425762499899767e-06,0.6434335550175221,-1.306599990010004e-05,0.09638511560000684,-1.3672304199999772e-06,1.7793429950792927,-2.170623730029988e-05,0.5888610006442552,3.0585320798998984e-06,2.2718188801235426,-1.728047480040011e-05,-0.0019292650540001003,0.00039633521419960016,-0.0024349640313101003,0.0045256002681997,-0.0518725673389001
0.0030752332174,0.0011147028082999,0.00049302322354,0.0053046388339998,0.00356825644094,0.008379872051399801,0.49862185320764796,4.498271400100225e-06,0.6456756904869219,-1.272985279999984e-05,0.09737243984623685,-1.2777991500000216e-06,1.7899732341814922,-2.096143419989989e-05,0.5959942930538851,3.2204722501000954e-06,2.288595087389142,-1.646316279979923e-05,-0.0019247667826,0.00037987205139980093,-0.00243174355906,0.0045046388339998,-0.0518852971917001
0.0030798037501,0.0011023079641,0.00049183455275,0.0052844196783,0.0035716383028499997,0.0083642234284,0.5047768901751479,4.570532699999744e-06,0.6478927012593219,-1.239484419990008e-05,0.09835729762252685,-1.1886707899999918e-06,1.8005622926937916,-2.0219155699800415e-05,0.6031341877976751,3.3818619099997525e-06,2.305339182868942,-1.5648622999801104e-05,-0.0019201962499000003,0.0003642234283999998,-0.0024283616971500005,0.004484419678299999,-0.0518976920359
0.0030844462326999,0.0010902464395,0.00049073456097,0.0052649391116999,0.0035751807936699,0.0083493853443998,0.5109411401579478,4.642482599900161e-06,0.6500852556629219,-1.2061524600000002e-05,0.09933986673624684,-1.099991779999988e-06,1.8111116514837915,-1.9480566600099843e-05,0.6102810068941951,3.5424908199003895e-06,2.3220527916417417,-1.483808400020055e-05,-0.0019155537673001002,0.0003493853443997993,-0.0024248192063301,0.0044649391116998996,-0.0519097535605
0.0030891602916,0.0010785160067999,0.00048972265551,0.0052461923051998,0.00357888294711,0.0083353525967998,0.5171147466822477,4.714058900099922e-06,0.6522540181092217,-1.1730432700100086e-05,0.10032032395272684,-1.011905460000036e-06,1.8216227829006912,-1.874680650010025e-05,0.6174350706349752,3.7021534400999943e-06,2.338737529582941,-1.4032747599999895e-05,-0.0019108397084000002,0.0003353525967997994,-0.00242111705289,0.004446192305199799,-0.051921483993200096
0.0030939454923,0.001067113913,0.00048879810397,0.0052281733183,0.00358274359627,0.0083221188106,0.5232978524661477,4.785200700000228e-06,0.6543996480290216,-1.1402093799899905e-05,0.10129884471220685,-9.245515399999979e-07,1.832097148524191,-1.8018986899799583e-05,0.624596697178355,3.8606491600001215e-06,2.355395000990341,-1.3233786199799355e-05,-0.0019060545077,0.00032211881060000003,-0.00241725640373,0.0044281733183,-0.051932886087
0.0030988013413,0.0010560368943,0.00048796003802,0.0052108751299,0.00358676137932,0.0083096764712,0.5294905992997477,4.855848999999867e-06,0.6565227988363216,-1.107701870000006e-05,0.10227560285419685,-8.380659499999856e-07,1.842536196972391,-1.7298188400000254e-05,0.631766202153945,4.017783049999665e-06,2.3720267962721406,-1.244233940000082e-05,-0.0019011986587000001,0.0003096764711999992,-0.0024132386206800003,0.0044108751298999995,-0.0519439631057
0.0031037272871999,0.0010452811921,0.00048720745764,0.0051942896713999005,0.0035909347448399,0.0082980169585998,0.5356931279282476,4.925945899899881e-06,0.6586241169227216,-1.0755702199999849e-05,0.10325077034985686,-7.525803799999955e-07,1.852941361773691,-1.6585458500099383e-05,0.638943898278105,4.173365519900048e-06,2.38863448970194,-1.1659512600199068e-05,-0.0018962727128001003,0.00029801695859980014,-0.0024090652551601002,0.0043942896713999,-0.0519547188079
0.0031087227230999,0.0010348425693999,0.00048653923566,0.0051784078618997,0.0035952619587599,0.0082871305849996,0.5419055779385474,4.995435899999949e-06,0.6607042406842215,-1.0438622700100018e-05,0.10422451704315687,-6.682219799999749e-07,1.8633140593069908,-1.5881809500200086e-05,0.6461300949817048,4.32721391999992e-06,2.4052196372455397,-1.0886373600201005e-05,-0.0018912772769001003,0.00028713058499959913,-0.0024047380412401003,0.0043784078618997,-0.051965157430600095
0.0031137869886,0.0010247163299,0.0004859541225799,0.0051632196484000005,0.0035997411111799,0.008277006637,0.5481280876502473,5.06426550010014e-06,0.6627637995835214,-1.0126239499900005e-05,0.10519701040139677,-5.851130801000208e-07,1.8736556868172907,-1.518821349969987e-05,0.6533250980516446,4.479152420000174e-06,2.4217837744675395,-1.012394799959973e-05,-0.0018862130114000002,0.0002770066369999994,-0.0024002588888201,0.0043632196484,-0.0519752836701
0.0031189193716999,0.0010148973364,0.00048545075169,0.0051487140444999,0.0036043701233899,0.0082676334161998,0.5543607940105473,5.1323830999000335e-06,0.6648034132498214,-9.81899350000013e-06,0.10616841527566667,-5.033708898999605e-07,1.8839676205101905,-1.450560390010066e-05,0.6605292092862144,4.629012209999856e-06,2.438328414520739,-9.373220800199325e-06,-0.0018810806283001001,0.0002676334161998001,-0.0023956298766101003,0.0043487140444998995,-0.0519851026636
0.0031241191109,0.0010053800318,0.0004850276445,0.0051348791745,0.0036091467554,0.0082589982854,0.5606038324931472,5.199739200100004e-06,0.6668236906180215,-9.517304599999856e-06,0.10713889367185667,-4.2310719000003246e-07,1.89425121372919,-1.3834869999900141e-05,0.6677427261650042,4.776632010100243e-06,2.454855046222339,-8.635130799799703e-06,-0.0018758808891000001,0.0002589982854000004,-0.0023908532446,0.004334879174499999,-0.0519946199682
0.003129385398,0.00099615845997,0.00048468321643,0.0051217023179399995,0.0036140686144299997,0.008251087715939999,0.5668573370020472,5.266287099999888e-06,0.6688252291097915,-9.22157183000003e-06,0.10810860453278667,-3.4442807000001525e-07,1.90450779522163,-1.3176856560000172e-05,0.6749659415348342,4.921859029999656e-06,2.4713651322236787,-7.910569460001585e-06,-0.0018706146020000002,0.0002510877159399988,-0.0023859313855700004,0.004321702317939999,-0.05200384154003
0.0031347173802,0.00098722628834,0.00048441578271,0.00510916995688,0.00361913316291,0.00824388733708,0.5731214397802472,5.331982200000064e-06,0.6708086138581014,-8.93217163000005e-06,0.10907770353192667,-2.674337199999946e-07,1.9147386674964504,-1.2532361059999601e-05,0.6821991433121742,5.0645484800000695e-06,2.487860107276699,-7.200378859999537e-06,-0.0018652826198000002,0.00024388733707999925,-0.0023808668370900003,0.0043091699568799996,-0.05201277371166
0.0031401141629999,0.00097857683099,0.00048422356455,0.0050972678249798994,0.0036243377275498997,0.0082373819879798,0.5793962713234471,5.396782799899948e-06,0.6727744169774313,-8.649457349999999e-06,0.11004634287918667,-1.922181599999808e-07,1.9249451052783102,-1.1902131900100484e-05,0.6894426142026341,5.204564639899913e-06,2.504341376601759,-6.505349100198801e-06,-0.0018598858370001002,0.00023738198797980045,-0.0023756622724501004,0.004297267824979899,-0.05202142316901
0.0031455748123,0.0009702030726,0.00048410469554,0.0050859809575,0.0036296795078400003,0.0082315557698,0.585681960298747,5.4606493001003314e-06,0.6747231968810213,-8.373758389999993e-06,0.11101467113927668,-1.18869009999988e-07,1.9351283540607898,-1.1286867479899654e-05,0.6966966314380241,5.3417802901006145e-06,2.5208103143595384,-5.826218179801057e-06,-0.0018544251877,0.0002315557697999994,-0.00237032049216,0.004285980957499999,-0.0520297969274
0.0031510983575999,0.0009620976932599,0.00048405722823,0.0050752937441197,0.0036351555858299,0.0082263921017196,0.5919786334686469,5.523545299899752e-06,0.6766554976468813,-8.105379340100026e-06,0.11198283306304667,-4.7467310000030676e-08,1.9452896287624095,-1.0687213380300084e-05,0.703961466531694,5.476077989899613e-06,2.5372682622310583,-5.163668080399031e-06,-0.0018489016424001001,0.00022639210171960036,-0.0023648444141701,0.004275293744119699,-0.052037902306740096
0.0031566837948,0.00095425309382,0.0004840791409,0.00506518998244,0.0036407629357,0.00822187377724,0.5982864156210468,5.585437200100133e-06,0.6785718484339611,-7.844599439899968e-06,0.11295096943217667,2.1912670000018807e-08,1.9554301124889695,-1.0103761679699369e-05,0.7112373850532239,5.60734987010026e-06,2.5537165281100176,-4.51832447959967e-06,-0.0018433162052,0.0002218737772400007,-0.0023592370643,0.00426518998244,-0.052045746906179996
0.0031623300888,0.0009466614219899,0.00048416834444,0.0050556529327798,0.00364649843324,0.0082179830215798,0.6046054295046468,5.6462939999999025e-06,0.6804727629497711,-7.5916718301000585e-06,0.11391921691751669,8.920354000000472e-08,1.9655509554041892,-9.537049660199998e-06,0.718524646422164,5.735497539999853e-06,2.570156384908837,-3.890755660200529e-06,-0.0018376699112000001,0.00021798302157980017,-0.00235350156676,0.0042556529327798,-0.052053338578010096
0.0031680361765,0.00093931459891,0.0004843226895099,0.00504666537432,0.0036523588660098997,0.00821470155082,0.6109357957699468,5.7060876999998934e-06,0.6823587389706709,-7.3468230799000065e-06,0.11488770795146659,1.5434506989999396e-07,1.975653273711289,-8.987558459800336e-06,0.7258235037214138,5.8604327698996705e-06,2.5865890694812372,-3.2814707598000092e-06,-0.0018319638235000002,0.00021470155082000016,-0.0023476411339901004,0.00424666537432,-0.05206068540109
0.0031738009700999,0.0009322043462,0.0004845399736399,0.0050382096624999005,0.0036583409437398002,0.008212010632599801,0.6172776329165467,5.764793599900321e-06,0.6842302579157808,-7.1102527099999036e-06,0.1158565706146164,2.1728413000001974e-07,1.985738148748109,-8.455711820099486e-06,0.7331342035311634,5.9820777299005035e-06,2.603015781664657,-2.690918220199165e-06,-0.0018261990299001,0.000212010632599801,-0.0023416590562602,0.0042382096624999,-0.0520677956538
0.0031796233596999,0.00092532221344,0.00048481794863,0.0050302677865799,0.0036644413083299,0.0082098911462798,0.6236310572463465,5.822389599999776e-06,0.686087784475421,-6.882132760000089e-06,0.1168259285368863,2.7797499009996497e-07,1.9958066261971887,-7.941875920000618e-06,0.7404569857832332,6.100364590099633e-06,2.6194376834435364,-2.1194863200017094e-06,-0.0018203766403001001,0.00020989114627979928,-0.0023355586916701003,0.0042302677865798995,-0.05207467778656
0.0031855022167,0.00091865960591,0.00048515432786,0.00502282142852,0.00367065654456,0.00820832364522,0.6299961828227464,5.878857000100185e-06,0.687931766294771,-6.662607529999993e-06,0.11779590081337629,3.3637923000002807e-07,2.0058597154122886,-7.4463580598998005e-06,0.7477920836361232,6.215236230100105e-06,2.6358558982350364,-1.5675010597987482e-06,-0.0018144977833,0.00020832364522000053,-0.00232934345544,0.00422282142852,-0.05208134039409
0.0031914363968,0.00091220781265,0.0004855467938,0.0050158520221,0.0036769831906,0.0082072884189,0.6363731214362464,5.934180099999992e-06,0.689762633713331,-6.451793259999988e-06,0.11876660193503627,3.924659400000082e-07,2.015898388862909,-6.969406419999984e-06,0.7551397233712832,6.326646040000217e-06,2.652271510299156,-1.0352263200008593e-06,-0.0018085636032,0.00020728841889999967,-0.0023230168094,0.0042158520221,-0.05208779218735
0.003197424743,0.00090595803462,0.00048599300549,0.00500934081224,0.00368341774849,0.00820676555524,0.6427619825760463,5.988346199999831e-06,0.691580799560601,-6.249778029999964e-06,0.11973814173432627,4.4621168999997704e-07,2.025923581697249,-6.511209859999881e-06,0.7625001243103733,6.4345578899998625e-06,2.668685564273296,-5.228636600004832e-07,-0.0018025752570000001,0.0002067655552399992,-0.00231658225151,0.00420934081224,-0.05209404196538
0.0032034660889,0.0008999014130399,0.00048649060606,0.0050032689149798,0.00368995669496,0.0082067350038798,0.6491628734079463,6.0413459000000815e-06,0.693386659008261,-6.056621580100051e-06,0.12071062534587627,4.976005700000003e-07,2.0359361914244687,-6.071897260200021e-06,0.7698734987538232,6.538946469999973e-06,2.6850990648324156,-3.0551360198638466e-08,-0.0017965339111,0.00020673500387980055,-0.00231004330504,0.0042032689149798,-0.052100098586960096
0.0032095592618,0.0008940290576699,0.00048703723028,0.0049976173771398,0.00369659649208,0.0082071766389398,0.6555758987586463,6.093172899999857e-06,0.6951805894789708,-5.872355370000002e-06,0.12168415318221629,5.466242199999942e-07,2.045937077716588,-5.651537840000581e-06,0.7772600519408632,6.639797119999905e-06,2.7015129764752355,4.416350599997093e-07,-0.0017904407382000002,0.00020717663893980026,-0.00230340350792,0.004197617377139799,-0.0521059709423301
0.0032157030858,0.00088833207504,0.0004876305120799,0.00499236723588,0.0037033335978798997,0.00820807032168,0.6620011611062463,6.143823999999864e-06,0.6969629506116807,-5.696982629899996e-06,0.12265882092457617,5.932817998999967e-07,2.055927062329608,-5.250141259799911e-06,0.7846599820308232,6.737105799899806e-06,2.7179282234358553,8.936827401995195e-07,-0.0017842969142000003,0.00020807032167999978,-0.0022966664021201004,0.004192367235879999,-0.05211166792496
0.0032218963848,0.00088280159661,0.00048826809197,0.00498749957802,0.0037101644767700004,0.00820939596282,0.6684387605768463,6.193299000000364e-06,0.6987340842833306,-5.5304784299999455e-06,0.12363471952862606,6.375798901000237e-07,2.065906929143508,-4.867657859999527e-06,0.7920734801054732,6.830878890100658e-06,2.7343456897203553,1.3256411400004026e-06,-0.0017781036152,0.00020939596282000018,-0.0022898355232299997,0.00418749957802,-0.05211719840339
0.0032281379859,0.00087742880661,0.00048894762456,0.00498299559912,0.00371708561046,0.00821113358502,0.6748887949475463,6.241601099999782e-06,0.7004943146865507,-5.372790000000003e-06,0.12461193524515607,6.795325899999457e-07,2.075877424320648,-4.503978900000441e-06,0.7995007301927031,6.921133689999619e-06,2.750766219268195,1.7376221999997749e-06,-0.0017718620141000002,0.00021113358501999996,-0.00228291438954,0.004182995599119999,-0.05212257119339
0.0032344267219999,0.00087220496973,0.00048966678582,0.004978836661459899,0.0037240935078198998,0.0082132633834598,0.6813513596554461,6.288736099899911e-06,0.7022439484628907,-5.223836880000033e-06,0.12559054965553607,7.191612600000816e-07,2.0858392565812283,-4.158937660100372e-06,0.806941909310983,7.007897359899776e-06,2.7671906162366753,2.1297984398004066e-06,-0.0017655732780001003,0.00021326338345980037,-0.0022759064921801003,0.004178836661459899,-0.05212779503027
0.0032407614354999,0.0008671214582799,0.00049042328038,0.0049750043520597,0.0037311847158799,0.0082157657875596,0.6878265478129459,6.3347135000001685e-06,0.7039832748909006,-5.083511450099955e-06,0.12657063972173604,7.564945599999179e-07,2.095793097594748,-3.832309400199525e-06,0.8143971875346828,7.091208060000086e-06,2.7836196454076947,2.5024040998002095e-06,-0.0017592385645001,0.00021576578755960057,-0.0022688152841201003,0.0041750043520596995,-0.0521328785417201
0.0032471409804,0.00086216977909,0.00049121484865,0.0049714805385799995,0.0037383558290499997,0.00821862151898,0.6943144502288459,6.379544900099801e-06,0.7057125661282705,-4.951679189900068e-06,0.12755227785076606,7.91568270000053e-07,2.1057395824853877,-3.5238134797003356e-06,0.8218667280796128,7.171113170099854e-06,2.8000540327142343,2.8557314203994655e-06,-0.0017528590196000003,0.00021862151898000004,-0.0022616441709500004,0.004171480538579999,-0.05213783022091
0.003253564226,0.00085734159975,0.00049203927381,0.0049682474255,0.00374560349981,0.0082218116515,0.7008151554352459,6.423245600000165e-06,0.7074320775071105,-4.828179340000006e-06,0.12853553197322604,8.244251599999431e-07,2.1156793104494676,-3.2331130799994126e-06,0.8293506874084728,7.247670760000217e-06,2.8164944658847144,3.190132520000319e-06,-0.0017464357740000001,0.00022181165150000036,-0.00225439650019,0.0041682474255,-0.05214265840025
0.0032600300593,0.00085262877436,0.00049289438865,0.0049652876080199995,0.00375292444795,0.00822531766732,0.7073287497205458,6.465833299999953e-06,0.7091420478812204,-4.712825389999978e-06,0.12952046563568603,8.551148400000493e-07,2.125612845482988,-2.959817480000654e-06,0.8368492153562329,7.320948140000002e-06,2.8329415952035344,3.506015820000166e-06,-0.0017399699407000002,0.00022531766732000053,-0.00224707555205,0.004165287608019999,-0.05214737122564
0.0032665373881,0.0008480233686,0.00049377808227,0.0049625841253,0.00376031547037,0.0082291215134,0.7138553171679458,6.507328800000028e-06,0.7108427000241804,-4.605405760000009e-06,0.13050713810660605,8.836936200000032e-07,2.135540717216308,-2.703482719999123e-06,0.844362455274553,7.391022420000139e-06,2.849396034384254,3.8038460799996038e-06,-0.0017334626119000001,0.00022912151340000013,-0.00223968452963,0.0041625841253,-0.0521519766314
0.0032730851431999,0.0008435176840899,0.00049468830652,0.0049601205113797,0.0037677734497199,0.0082332056545796,0.7203949396992457,6.547755099900118e-06,0.7125342410768702,-4.505684510099995e-06,0.13149560449539605,9.10224249999988e-07,2.1454634218529876,-2.4636139203003046e-06,0.8518905441946428,7.457979349899998e-06,2.8658583615522337,4.084141179598946e-06,-0.0017269148568001,0.00023320565457959908,-0.0022322265502801,0.0041601205113797,-0.0521564823159101
0.0032796722816999,0.00083910428194,0.0004956230823199,0.0049578808455799,0.0037752953640198,0.0082375531272798,0.7269476971241455,6.587138499999836e-06,0.7142168630429002,-4.413402149899956e-06,0.13248591588423597,9.347757998999767e-07,2.1553814232099473,-2.239665799800075e-06,0.8594336130083825,7.5219142999000295e-06,2.8823291203340933,4.3474727002001945e-06,-0.0017203277183001002,0.00023755312727979927,-0.0022247046359802,0.0041578808455799,-0.05216089571806
0.0032862977889,0.00083477600551,0.0004965805056299,0.00495584979992,0.0037828782945299,0.00824214758882,0.7335136671947455,6.625507200100182e-06,0.7158907433303502,-4.3282764300000415e-06,0.13347811947218577,9.574233100000063e-07,2.1652951538554475,-2.0310456598999008e-06,0.8669917866669322,7.582930510099863e-06,2.898808821050193,4.594461540200281e-06,-0.0017137022111,0.00024214758881999955,-0.0022171217054701,0.00415584979992,-0.05216522399449
0.0032929606811999,0.0008305260021799,0.00049755875335,0.0049540126855597,0.0037905194345499,0.0082469733667596,0.7400929256648454,6.662892299899928e-06,0.7175560453380402,-4.250003330099998e-06,0.13447225873116567,9.782477201000783e-07,2.175205016340927,-1.8371143603000684e-06,0.874565184396012,7.641140020000006e-06,2.9152979420057727,4.8257779395998596e-06,-0.0017070393188001,0.0002469733667595994,-0.0022094805654501,0.0041540126855597,-0.0521694739978201
0.0032996600081,0.00082634774424,0.00049855608879,0.00495235549658,0.00379821609689,0.00825201550468,0.7466855463541453,6.699326900100073e-06,0.7192129190844601,-4.178257939899989e-06,0.13546837357330568,9.973354399999725e-07,2.1851113845230667,-1.6571889797003386e-06,0.882153919927452,7.696662340100045e-06,2.931796930877212,5.042137920401035e-06,-0.0017003399919,0.00025201550468000045,-0.00220178390311,0.004152355496579999,-0.05217365225576
0.0033063948544999,0.00082223504869,0.00049957086696,0.0049508649518799,0.0038059657214598998,0.0082572598063798,0.7532916012167452,6.734846399899814e-06,0.7208615018773901,-4.112695549999992e-06,0.13646650052905568,1.0147781699999282e-06,2.1950146049715267,-1.4905447000999536e-06,0.8897581017458018,7.749624569899742e-06,2.9483062061882714,5.244301699798559e-06,-0.0016936051455001002,0.000257259806379799,-0.0021940342785401004,0.004150864951879899,-0.05217776495131
0.0033131643429,0.00081818209596,0.0005006015396,0.00494952853482,0.0038137658825,0.00826269287772,0.7599111604141451,6.769488400100096e-06,0.7225019190220401,-4.052952729999976e-06,0.13746667293561568,1.030672640000077e-06,2.204914998458227,-1.3364170598998554e-06,0.8973778333497615,7.800161040100173e-06,2.9648261588723717,5.433071340200241e-06,-0.0016868356571,0.00026269287771999925,-0.0021862341175,0.0041495285348199995,-0.05218181790404
0.0033199676353,0.00081418344758,0.00050164665979,0.00494833453046,0.0038216142950900003,0.008268302165760001,0.7665442923923451,6.80329240000015e-06,0.72413428456558,-3.998648380000038e-06,0.13846892113500567,1.045120189999962e-06,2.214812861523507,-1.1940043599997091e-06,0.9050132135273515,7.848412590000329e-06,2.9813571539158517,5.609288040001742e-06,-0.0016800323647,0.000268302165760001,-0.00217838570491,0.00414833453046,-0.05218581655242
0.0033268039349,0.00081023406259,0.00050270488642,0.00494727206008,0.00382950882132,0.00827407599498,0.7731910639625452,6.8362995999998385e-06,0.7257587020757501,-3.949384990000002e-06,0.13947327268121568,1.058226629999993e-06,2.2247084681140468,-1.0624703800001661e-06,0.9126643366437616,7.894526229999723e-06,2.997899532076592,5.773829219998805e-06,-0.0016731960651,0.0002740759949799998,-0.00217049117868,0.00414727206008,-0.052189765937409996
0.0033336724878999,0.00080632931274,0.0005037749881299,0.0049463311133799,0.0038374474760297997,0.0082800036012798,0.7798515403853451,6.86855299989993e-06,0.7273752654510801,-3.904749850000013e-06,0.14047975255576556,1.0701017098999847e-06,2.2346020712875063,-9.409467000998789e-07,0.9203312929411114,7.938654709799698e-06,3.0144536116728515,5.927606299799618e-06,-0.0016663275121001002,0.0002800036012797994,-0.0021625525239702004,0.0041463311133799,-0.052193670687259996
0.0033405725851999,0.00080246499648,0.00050485584711,0.004945502578159899,0.0038454284323099,0.0082860751633598,0.7865257854584449,6.9000972999998765e-06,0.7289840597603001,-3.864316259999975e-06,0.14148838339100545,1.0808589801000312e-06,2.244493904979046,-8.285352200007243e-07,0.928014168849451,7.980956280100125e-06,3.031019690437491,6.071562080000453e-06,-0.0016594274148001003,0.00028607516335979986,-0.0021545715676901003,0.004145502578159899,-0.05219753500352
0.0033475035636,0.0007986373515999,0.00050594646245,0.0049447782667998,0.00385345002605,0.0082922818303998,0.7932138616072447,6.930978400100131e-06,0.7305851621083801,-3.8276448801000335e-06,0.14249918570056547,1.0906153400000148e-06,2.254384185824006,-7.243113600997192e-07,0.9357130473078108,8.021593740100037e-06,3.0475980474312507,6.206667039999544e-06,-0.0016524964364000002,0.0002922818303997994,-0.0021465499739500003,0.004144778266799799,-0.0522013626484001
0.0033544648071,0.00079484306656,0.0005070459531,0.0049441509402199995,0.0038615107601999996,0.00829861574732,0.7999158299779447,6.961243499999884e-06,0.73217864252654,-3.7942850398999927e-06,0.14351217811611544,1.0994906499999695e-06,2.264273115031026,-6.273265798001013e-07,0.9434280080940609,8.060734149999745e-06,3.0641889450089703,6.3339169202002166e-06,-0.0016455351929000003,0.0002986157473199996,-0.0021384892398000005,0.004144150940219999,-0.05220515693344
0.0033614557483,0.00079107929045,0.00050815356059,0.0049436143291999995,0.00386960930889,0.008305070077499999,0.8066317505333449,6.990941200000003e-06,0.73376456488355,-3.763776109999995e-06,0.14452737762980544,1.1076074900000102e-06,2.274160880300446,-5.366110199999871e-07,0.9511591281631508,8.098548690000339e-06,3.0807926308337903,6.454330179999149e-06,-0.0016385442517000003,0.0003050700774999988,-0.00213039069111,0.004143614329199999,-0.05220892070955
0.0033684758688,0.0007873436415499,0.00050926865127,0.0049431631518998004,0.00387774452007,0.0083116390206998,0.8133616821504448,7.020120500000112e-06,0.73534298781555,-3.7356489000999306e-06,0.14554479984166546,1.1150906799999591e-06,2.284047657781546,-4.5117730019909874e-07,0.9589064819921109,8.135211179999963e-06,3.09740933993199,6.568943199801447e-06,-0.0016315241312000002,0.0003116390206998002,-0.0021222554799300002,0.0041431631518998,-0.0522126563584501
0.0033755247006999,0.0007836342145,0.00051039071822,0.0049427931296999,0.0038859154189199,0.0083183178303998,0.8201056827199447,7.048831899900045e-06,0.7369139656715998,-3.709427049900069e-06,0.14656445921115546,1.122066950000008e-06,2.293933614063145,-3.700221999003092e-07,0.9666701419311008,8.170898849899945e-06,3.1140392967830897,6.678809699999302e-06,-0.0016244752993001001,0.0003183178303997995,-0.0021140845810801003,0.0041427931296999,-0.0522163657855
0.0033826018267,0.00077994958599,0.00051151938277,0.00494250099868,0.00389412120947,0.00832510282538,0.8268638092473445,7.077126000099975e-06,0.7384775494720899,-3.6846285100000133e-06,0.14758636931214547,1.1286645500000782e-06,2.3038189081915252,-2.9213101990048507e-07,0.9744501785594908,8.205790550100053e-06,3.1306827174388694,6.784994980199924e-06,-0.0016173981733000001,0.00032510282537999945,-0.0021058787905300002,0.004142500998679999,-0.05222005041401
0.0033897068808,0.00077628881909,0.00051265439565,0.0049422845189799995,0.00390236127645,0.00833199139978,0.8336361179548444,7.105054099999959e-06,0.7400337878771698,-3.660766899999941e-06,0.14861054309056546,1.1350128799999994e-06,2.3137036937091855,-2.1647970000013977e-07,0.9822466610454108,8.240066980000176e-06,3.1473398116640294,6.8885743999998195e-06,-0.0016102931192000002,0.00033199139977999927,-0.00209763872355,0.004142284518979999,-0.05222371118091
0.0033968395488,0.00077265146599,0.00051379563773,0.00494214248078,0.00391063518653,0.00833898202958,0.8404226643844446,7.132667999999905e-06,0.7415827281622498,-3.6373530999999964e-06,0.14963699312394546,1.141242080000002e-06,2.323588120708945,-1.4203819999943773e-07,0.9900596575083909,8.27391007999969e-06,3.164010785093389,6.990629800000467e-06,-0.0016031604512000003,0.00033898202957999973,-0.0020893648134700004,0.00414214248078,-0.052227348534009996
0.0034039995681,0.0007690375693999,0.00051494312036,0.0049420747068998,0.00391894268846,0.008346074274999801,0.8472235035013446,7.160019300000379e-06,0.7431244171976397,-3.613896590099982e-06,0.15066573188203547,1.1474826299999377e-06,2.333472337896625,-6.777388019980207e-08,0.9978892353833809,8.3075019300001e-06,3.1806958413979687,7.09224541980101e-06,-0.0015960004319,0.00034607427499980074,-0.0020810573115400003,0.0041420747068998,-0.052230962430600096
0.0034111867279,0.0007654476624099,0.00051609698538,0.004942082052719799,0.0039272837132799995,0.0083532687806198,0.8540386897973445,7.1871597999997e-06,0.7446589024294494,-3.5899069900000545e-06,0.15169677198777545,1.1538650200000134e-06,2.343356494656245,7.345819999157732e-09,1.0057354617851209,8.341024819999605e-06,3.1973951844535886,7.194505619999292e-06,-0.0015888132721000002,0.00035326878061980004,-0.0020727162867200007,0.004142082052719799,-0.0522345523375901
0.0034184008694,0.00076188276684,0.00051725750464,0.00494216640308,0.00393565837404,0.00836056727248,0.8608682773946446,7.214141500000264e-06,0.7461862328586993,-3.564895569899986e-06,0.15273012647779546,1.160519259999957e-06,2.3532407431120443,8.435036020094239e-08,1.0135984038724408,8.374660760000763e-06,3.2141090205066885,7.298491860199471e-06,-0.0015815991306,0.0003605672724799995,-0.00206434162596,0.00414216640308,-0.05223811723316
0.0034256418847,0.00075834439027,0.00051842507923,0.00494233066524,0.00394406696393,0.00836797254994,0.8677123201487444,7.241015299999827e-06,0.7477064600158093,-3.5383765699999875e-06,0.15376580906166545,1.167574590000089e-06,2.3631252401803646,1.64262159999852e-07,1.021478129210411,8.408589889999374e-06,3.230837560329108,7.405277459999679e-06,-0.0015743581153000001,0.0003679725499399992,-0.0020559330360700005,0.00414233066524,-0.05224165560973
0.0034329097169,0.0007548345214299,0.00051960023823,0.0049425787597598,0.00395250995513,0.0083754884766598,0.8745708717503445,7.267832199999921e-06,0.7492196389275092,-3.5098688400999733e-06,0.15480383437912545,1.175158999999976e-06,2.3730101496053644,2.48094519799541e-07,1.029374706129471,8.442991200000548e-06,3.247581021355708,7.515926719801197e-06,-0.0015670902831000002,0.0003754884766598004,-0.00204749004487,0.004142578759759799,-0.052245165478570096
0.0034402043595,0.00075135562424,0.00052078363719,0.0049429156079800005,0.0039609879966900005,0.00838311996748,0.8814439858267445,7.294642600000258e-06,0.7507258290731791,-3.478897189900074e-06,0.15584421825454545,1.1833989599999975e-06,2.3828956439731046,3.368482202007611e-07,1.037288204081291,8.478041560000364e-06,3.264339629799848,7.631490820199718e-06,-0.0015597956405,0.0003831199674800001,-0.0020390120033099996,0.00414291560798,-0.052248644375759996
0.0034475258553,0.00074791063047,0.00052197605608,0.00494334711624,0.0039695019113799995,0.00839087297154,0.8883317160415446,7.321495799999817e-06,0.7522250953278891,-3.4449937700000094e-06,0.15688697794781545,1.1924188899999555e-06,2.3927819066973246,4.315082599995815e-07,1.045218693989361,8.513914689999014e-06,3.281113622738868,7.753004059999832e-06,-0.0015524741447000001,0.00039087297153999993,-0.0020304980886200006,0.00414334711624,-0.05225208936953
0.0034548742955,0.00074450293086,0.0005231783969999,0.00494388015722,0.0039780526924999005,0.00839875445272,0.8952341161923445,7.3484402000000525e-06,0.7537175088892191,-3.4076996099998997e-06,0.15793213240089535,1.20234091990001e-06,2.402669133970784,5.330409800002531e-07,1.053166248593241,8.55078111990093e-06,3.297903250163128,7.881481179999872e-06,-0.0015451257045,0.0003987544527199998,-0.0020219473075000997,0.00414388015722,-0.05225549706914
0.0034622498186999,0.0007411363649299,0.00052439168146,0.0049445225485597,0.0039866415001599004,0.008406772367259601,0.9021512403065444,7.375523199900074e-06,0.7552031481850089,-3.3665659301000727e-06,0.15897970247935525,1.2132844601000234e-06,2.412557536676564,6.423913396997119e-07,1.0611309427859006,8.588807659999989e-06,3.3147087769831076,8.017914539601087e-06,-0.0015377501813001,0.0004067723672596009,-0.0020133584998400997,0.0041445225485597,-0.052258863635070096
0.0034696526099,0.00073781520947,0.00052561704729,0.00494528302884,0.0039952696571899995,0.00841493563874,0.9090831427351443,7.402791200099897e-06,0.7566820997594088,-3.321155459899976e-06,0.16002971120810527,1.2253658299999628e-06,2.422447342253964,7.604802802997288e-07,1.0691128539432506,8.628157030099101e-06,3.331530484989107,8.163271480399192e-06,-0.0015303473901,0.0004149356387400001,-0.0020047303428100006,0.0041452830288399994,-0.05226218479053
0.0034770828983,0.00073454416558,0.00052685574519,0.0049461712294600006,0.00400393864349,0.00842325412776,0.9160298782433443,7.430288400000172e-06,0.7581544591344588,-3.271043890000036e-06,0.16108218400058527,1.238697900000029e-06,2.432338796512264,8.882006200007508e-07,1.0771120622439307,8.668986300000743e-06,3.348368674755607,8.318489020000056e-06,-0.0015229171017,0.00042325412776000014,-0.00199606135651,0.00414617122946,-0.05226545583442
0.0034845409568,0.00073132834457,0.00052810913503,0.00494719764594,0.00401265009183,0.00843173860274,0.9229915020984443,7.458058499999667e-06,0.7596203316446088,-3.215821009999991e-06,0.16213714888080527,1.2533898400000128e-06,2.4422321653876637,1.026416479999251e-06,1.0851286509792508,8.711448339999463e-06,3.365223667486107,8.484474979999351e-06,-0.0015154590432000003,0.0004317386027399995,-0.0019873499081700004,0.0041471976459399994,-0.05226867165543
0.0034920270996,0.00072817325245,0.00052937868167,0.0049483736045,0.0040214057812700005,0.0084404007041,0.9299680701548443,7.486142800000248e-06,0.7610798332416288,-3.155092120000016e-06,0.16319463669750525,1.2695466400000069e-06,2.452127736638104,1.1759585600004327e-06,1.0931627068523506,8.755689440000797e-06,3.382095806792947,8.662101359999813e-06,-0.0015079729004,0.0004404007040999993,-0.0019785942187299996,0.0041483736045,-0.05227182674755
0.0034995416804,0.00072508477333,0.00053066595057,0.00494971122706,0.00403020763097,0.00844925290746,0.9369596389348445,7.514580799999806e-06,0.7625330912674088,-3.0884791199999083e-06,0.16425468132974527,1.287268900000021e-06,2.462025821469664,1.3376225599997724e-06,1.1012143202645908,8.801849699999718e-06,3.3989854604045076,8.85220336000088e-06,-0.0015004583196000002,0.0004492529074600002,-0.00196979236903,0.00414971122706,-0.05227491522667
0.0035070850909,0.00072206915162,0.00053197260303,0.0049512233941399995,0.00403905769393,0.008458308485039999,0.9439662657061443,7.543410499999924e-06,0.7639802451923589,-3.0156217100000887e-06,0.16531731988334528,1.3066524599999454e-06,2.471926756090864,1.5121670799995296e-06,1.1092835855894907,8.850062959999544e-06,3.4158930217970074,9.055577579998586e-06,-0.0014929149091000003,0.00045830848503999877,-0.0019609423060700003,0.004151223394139999,-0.05227793084838
0.0035146577584,0.0007191329730199,0.00053330039117,0.0049529237044398,0.0040479581495699996,0.0084675814628398,0.9509880085554442,7.5726675000001124e-06,0.7654214473169988,-2.9361786000999196e-06,0.16638259287754528,1.3277881400000635e-06,2.481830903189444,1.7003102998000563e-06,1.1173706014329907,8.900455639999742e-06,3.4328189117448873,9.272977799800602e-06,-0.0014853422416000002,0.00046758146283979937,-0.0019520418504300006,0.004152923704439799,-0.0522808670269801
0.0035222601438,0.00071628314461,0.00053465115261,0.00495482643302,0.00405691129641,0.00847708657682,0.9580249264576441,7.6023853999998905e-06,0.7668568634346287,-2.8498284099000033e-06,0.16745054442132526,1.3507614399999252e-06,2.491738653326904,1.9027285802003177e-06,1.1254754708789707,8.953146840000141e-06,3.449763579784547,9.505113980200208e-06,-0.0014777398562000003,0.0004770865768199996,-0.0019430887035900004,0.0041548264330199996,-0.052283716855389996
0.003529892739,0.00071352687374,0.00053602680484,0.00495694648648,0.00406591954384,0.008486839225479999,0.9650770793404442,7.632595200000002e-06,0.7682866734529787,-2.7562708700000667e-06,0.16852122237877526,1.3756522300000093e-06,2.5016504262464037,2.1200534599998683e-06,1.1335983017192208,9.008247430000553e-06,3.466727505586847,9.752648659999003e-06,-0.0014701072610000003,0.0004868392254799986,-0.0019340804561599999,0.004156946486479999,-0.052286473126259995
0.0035375560648,0.00071087164613,0.00053742933942,0.00495929935706,0.00407498540422,0.00849685542186,0.9721445281442442,7.663325800000027e-06,0.7697110719728488,-2.65522760999992e-06,0.16959467852303525,1.4025345800000154e-06,2.5115666720899434,2.3528705800001867e-06,1.141739206667281,9.065860379999825e-06,3.483711200234187,1.0016196380000647e-05,-0.0014624439352000002,0.0004968554218599992,-0.00192501459578,0.00415929935706,-0.05228912835387
0.0035452506683999,0.00070832520295,0.00053886081589,0.0049619010742999,0.0040841114842898995,0.0085071517426998,0.9792273348774441,7.694603599900027e-06,0.7711302688219288,-2.5464431800000485e-06,0.17067096867834528,1.431476470000045e-06,2.5214878725213032,2.6017172398999297e-06,1.1498983035557908,9.126080069899421e-06,3.5007152073987466,1.0296320839800824e-05,-0.0014547493316001002,0.0005071517426998,-0.0019158885157101006,0.0041619010742998995,-0.05229167479705
0.0035529771205999,0.00070589551712,0.0005403233554099,0.0049647681548399,0.0040933004760098,0.0085177452754398,0.9863255626664438,7.726452200000102e-06,0.7725444895419988,-2.429685829999969e-06,0.17175015284964515,1.4625395198999275e-06,2.531414541750443,2.8670805400001637e-06,1.1580757155160903,9.188991719900896e-06,3.5177401044168866,1.0593532739999398e-05,-0.0014470228794001001,0.0005177452754397995,-0.0019066995239901997,0.0041647681548399,-0.05229410448288
0.0035607360131999,0.00070359076883,0.0005418191343099,0.0049679175508599,0.0041025551475098,0.0085286535640598,0.9934392758002437,7.75889260000006e-06,0.7739539758279488,-2.304748290000015e-06,0.17283229533936495,1.4957789000000655e-06,2.541347227456143,3.149396019999813e-06,1.16627157113961,9.254671499999909e-06,3.5347865032563863,1.0908288619999873e-05,-0.0014392639868001,0.0005286535640597993,-0.0018974448524901998,0.0041679175508598995,-0.05229640923117
0.0035685279564,0.00070141932032,0.00054335037736,0.00497136659704,0.00411187833376,0.00853989455344,1.0005685397698436,7.791943200100102e-06,0.7753589859170988,-2.1714485100000035e-06,0.17391746485103485,1.5312430500999397e-06,2.551286511604043,3.449046180100529e-06,1.1744860046208798,9.323186250199608e-06,3.5518550513738862,1.1240989380200198e-05,-0.0014314720436,0.0005398945534399995,-0.0018881216662400002,0.00417136659704,-0.05229858067968
0.0035763535759,0.00069938969011,0.00054491935087,0.00497513295612,0.00412127292677,0.00855148653202,1.0077134213021435,7.825619499999843e-06,0.7767597949275288,-2.029630210000034e-06,0.17500573457926485,1.5689735100000123e-06,2.561233011157203,3.7663590799997745e-06,1.1827191558814099,9.394593009999855e-06,3.568946432459346,1.159197858000005e-05,-0.0014236464241000001,0.0005514865320199996,-0.0018787270732300004,0.00417513295612,-0.05230061030989
0.0035842135099,0.00069751052654,0.00054652835573,0.00497923456298,0.00413074186563,0.00856344807288,1.0148739883879434,7.859933999999989e-06,0.7781566951441788,-1.8791635699999792e-06,0.17609718228586488,1.6090048600000614e-06,2.571187378676303,4.10160686000003e-06,1.1909711706738098,9.468938860000484e-06,3.5860613670642465,1.1961540860000452e-05,-0.0014157864901000001,0.00056344807288,-0.0018692581343699999,0.00417923456298,-0.05230248947346
0.0035921084061,0.0006957905809199,0.0005481797202,0.004983689567939801,0.0041402881263,0.0085757979740398,1.0220503103039436,7.894896200000105e-06,0.7795499962516387,-1.7199456200999797e-06,0.17719189036179486,1.651364469999945e-06,2.581150302807223,4.455004959800363e-06,1.1992422006657397,9.546260669999508e-06,3.603200613111166,1.23499011597996e-05,-0.0014078915939,0.0005757979740397996,-0.0018597118737000004,0.0041836895679398,-0.0523042094190801
0.0036000389192,0.00069423868016,0.0005498757926799,0.004988516279519999,0.0041499147118799,0.00858855519872,1.0292424576292434,7.930513099999731e-06,0.7809400255127187,-1.5519007599000718e-06,0.17828994587467475,1.696072479900044e-06,2.5911225086546823,4.82671158019872e-06,1.2075324035039197,9.6265855799001e-06,3.6203649662839257,1.2757224680200185e-05,-0.0013999610808000003,0.0005885551987199998,-0.0018500852881201003,0.004188516279519999,-0.05230576131984
0.0036080057071999,0.00069286369919,0.0005516189342999,0.0049937331055799,0.0041596246414998,0.0086017388127798,1.0364505022556432,7.966787999900016e-06,0.7823271278920686,-1.3749809699999506e-06,0.17939144060165454,1.7431416199999205e-06,2.6011047580397824,5.216826059900766e-06,1.2158419428572993,9.709929619900262e-06,3.6375552602954255,1.3183614059799481e-05,-0.0013919942928001003,0.0006017388127797993,-0.0018403753585002,0.0041937331055799,-0.05230713630081
0.0036160094288,0.0006916745329199,0.0005534115115599,0.0049993584946398,0.0041694209403599,0.0086153679234398,1.043674517391643,8.003721600100336e-06,0.7837116661241785,-1.1891662700999747e-06,0.18049647104751435,1.7925772600000268e-06,2.611097849640002,5.62538905990017e-06,1.2241709884391592,9.796298860100146e-06,3.6547723670316454,1.3629110660001373e-05,-0.0013839905712,0.0006153679234398007,-0.0018305790596400999,0.0041993584946398,-0.0523083254670801
0.0036240507403,0.00069068006815,0.00055525588875,0.0050054108766,0.00417930662905,0.0086294616169,1.0509145775607431,8.041311499999704e-06,0.7850940207252484,-9.944647699000131e-07,0.18160513844782425,1.8443771900999864e-06,2.621102619011242,6.052381960199894e-06,1.232519716008569,9.885688690100015e-06,3.672017196571985,1.409369346019873e-05,-0.0013759492597000002,0.0006294616168999994,-0.0018206933709499998,0.0042054108766,-0.05230931993185
0.0036321302924,0.00068988915532,0.00055715442053,0.00501190860304,0.0041892847129299995,0.00864403889544,1.058170758593443,8.079552100000078e-06,0.7864745899487184,-7.909128300000352e-07,0.18271754875710425,1.8985317799999867e-06,2.6311199384908814,6.497726439999574e-06,1.240888307350549,9.978083879999197e-06,3.6892906970843256,1.4577278540000085e-05,-0.0013678697076000002,0.0006440388954399995,-0.0018107152870700007,0.004211908603039999,-0.05231011084468
0.0036402487269,0.0006893105801399,0.0005591094443099,0.0050188698871798,0.0041993581712099,0.0086591186140798,1.065443137612743,8.118434499999883e-06,0.7878537896841783,-5.785751800999397e-07,0.18383381262194415,1.9550237799000232e-06,2.6411507169811013,6.961284139800003e-06,1.249276950234689,1.007345827990034e-05,3.7065938545938453,1.5079718639799886e-05,-0.0013597512731000003,0.0006591186140797994,-0.0018006418287901003,0.004218869887179799,-0.0523106894198601
0.0036484066741,0.0006889530353799,0.00056112327279,0.0050263127448598,0.0042095299468900005,0.0086747194189598,1.072731793013743,8.157947200000248e-06,0.7892320532996981,-3.575447600000052e-07,0.18495404533904403,2.0138284800999898e-06,2.651195899613141,7.442857680000671e-06,1.2576858383527887,1.0171775680100671e-05,3.723927692626885,1.5600804880000485e-05,-0.0013515933259,0.0006747194189597999,-0.0017904700531099996,0.0042263127448598,-0.0523110469646201
0.0036566047494,0.00068882509263,0.00056319818642,0.00503425493466,0.0042198029358199995,0.00869085968406,1.080036804437243,8.198075299999802e-06,0.790609831427708,-1.2794274990000389e-07,0.186078366798254,2.0749136300000177e-06,2.6612564672926604,7.94218980019936e-06,1.2661151712354988,1.027298892999906e-05,3.7412932717299046,1.614026510020003e-05,-0.0013433952506000002,0.0006908596840599999,-0.0017801970641800006,0.004234254934659999,-0.05231117490737
0.0036648435503,0.0006889351743799,0.0005653364259899,0.0050427138990598,0.0042301799762899,0.0087075574493598,1.087358252736943,8.238800900000221e-06,0.791987591694718,1.10081749899924e-07,0.18720690141066393,2.1382395698999954e-06,2.6713334361263805,8.458964399799852e-06,1.2745651541476086,1.037704046990065e-05,3.758691688863324,1.6697765299800507e-05,-0.0013351564497,0.0007075574493598004,-0.0017698200237101,0.004242713899059799,-0.0523110648256201
0.0036731236533,0.00068929152622,0.00056754018523,0.00505170670574,0.00424066383853,0.00872483035904,1.094696219940543,8.280102999999855e-06,0.793365818395318,3.5635184010009927e-07,0.18833977802188384,2.2037592401000358e-06,2.68142785673118,8.99280668020027e-06,1.2830359979624284,1.0483862240099999e-05,3.776124076671724,1.727290968019969e-05,-0.0013268763467000001,0.0007248303590400001,-0.00175933616147,0.0042517067057399995,-0.05231070847378
0.0036814456111,0.00068990218952,0.0005698116035099,0.00506124999014,0.0042512572146099,0.00874269560124,1.1020507892049431,8.321957799999839e-06,0.7947450121110579,6.106632999999502e-07,0.18947712981062376,2.271418279899953e-06,2.69154081342706,9.543284399999956e-06,1.2915279190155684,1.0593376079899575e-05,3.793591602632004,1.7865242200000228e-05,-0.0013185543889000003,0.0007426956012400003,-0.0017487427853901004,0.0042612499901399994,-0.052310097810479995
0.0036898099497,0.00069077497441,0.00057215275872,0.00507135989852,0.00426196270842,0.00876116984822,1.109422044765743,8.364338600000323e-06,0.7961256892749878,8.727848899999597e-07,0.19061909417285366,2.3411552100999775e-06,2.7016734233157202,1.0109908380000025e-05,1.3000411389385982,1.0705493810100192e-05,3.8110954680814637,1.8474246979999914e-05,-0.0013101900503,0.0007611698482200002,-0.0017380372915800002,0.0042713598985199995,-0.052309225025589996
0.0036982171651,0.0006919174332599,0.0005745656601399,0.0050820520316198,0.0042727828252399,0.0087802691967198,1.1168100718805432,8.407215399999692e-06,0.7975083816826577,1.1424588499000079e-06,0.19176581259171355,2.412901419900017e-06,2.71182683524586,1.0692133099799925e-05,1.308575884472258,1.0820116819900034e-05,3.8286369071264037,1.909934849980005e-05,-0.0013017828349000003,0.0007802691967198003,-0.0017272171747601001,0.004282052031619799,-0.0523080825667401
0.003706667721,0.0006933368348,0.0005770522416,0.0050933413906,0.0042837199626,0.0088000091116,1.124214956766643,8.450555900000201e-06,0.7988936359507176,1.4194015401000062e-06,0.19291743049345345,2.4865814601000152e-06,2.7220022286680794,1.1289358980199997e-05,1.3171323872600977,1.0937137360099783e-05,3.8462171854347234,1.9739914880198897e-05,-0.001293332279,0.0008000091115999992,-0.0017162800374000003,0.004293341390599999,-0.052306663165199996
0.0037151620455999,0.00069504013877,0.00057961435473,0.0051052423231399,0.0042947764003299,0.0088204043687398,1.131636786533243,8.49432459989986e-06,0.8002820129242877,1.7033039700000297e-06,0.19407409708978346,2.562113130000058e-06,2.7322008123818193,1.190093253989992e-05,1.3257108836230278,1.105643772989981e-05,3.8638375989150635,2.0395257139800213e-05,-0.0012848379544001002,0.0008204043687397994,-0.0017052235996701005,0.004305242323139899,-0.052304959861229995
0.0037237005293,0.00069703397128,0.0005822537623999,0.00511776847186,0.0043059542916999,0.00884146900116,1.1390756491081429,8.538483700100147e-06,0.8016740870343376,1.9938325100000032e-06,0.19523596520691336,2.639407669899926e-06,2.742423823176819,1.2526148720100154e-05,1.3343116143150575,1.1177891370000616e-05,3.881499472284963,2.1064632420200735e-05,-0.0012762994707,0.0008414690011600001,-0.0016940457083001,0.0043177684718599995,-0.05230296602872
0.0037322835219,0.00069932460102,0.00058497213237,0.00513093272394,0.00431725565427,0.00886321624584,1.146531633159343,8.582992600000058e-06,0.8030704456066377,2.290629740000008e-06,0.19640319110168328,2.71836997009999e-06,2.752672524372619,1.3164252080000508e-05,1.3429348242610275,1.130136257009983e-05,3.899204157531963,2.1747244679999264e-05,-0.0012677164781,0.0008632162458399994,-0.00168274434573,0.00433093272394,-0.05230067539898
0.0037409113301,0.00070191791619,0.00058777103119,0.00514474716248,0.00432868236129,0.008885658492579999,1.1540048280113429,8.627808199999747e-06,0.8044716881238477,2.5933151699999686e-06,0.19757593426524325,2.7988988200000186e-06,2.762948204259039,1.3814438539999467e-05,1.3515807622765874,1.1426707019999982e-05,3.916953032270383,2.2442246739999214e-05,-0.0012590886699000003,0.0008856584925799986,-0.0016713176387100001,0.0043447471624799994,-0.052298082083809996
0.0037495842153,0.00070481940238,0.00059065191829,0.00515922302006,0.00434023613359,0.00890880723536,1.161495323556743,8.672885200000039e-06,0.8058784254424177,2.901486189999967e-06,0.19875435721472326,2.880887100000038e-06,2.7732521744415792,1.4475857579999973e-05,1.3602496807714675,1.1553772300000077e-05,3.9347474979983232,2.3148742780001313e-05,-0.0012504157847000002,0.0009088072353599999,-0.00165976386641,0.004359223020059999,-0.05229518059762
0.003758302391,0.0007080341214,0.00059361614035,0.0051743706338,0.00435191853135,0.008932673024800001,1.1690032101630428,8.718175700000129e-06,0.8072912789661977,3.214719020000088e-06,0.19993862527336329,2.9642220599999936e-06,2.7835857680954397,1.5147613739999871e-05,1.3689418354364074,1.1682397760000122e-05,3.9525889782584827,2.3865789440000867e-05,-0.001241697609,0.0009326730248000008,-0.00164808146865,0.004374370633799999,-0.0522919658786
0.0037670660209,0.0007115666911099,0.00059666492595,0.0051901994031198,0.00436373094685,0.0089572654240198,1.1765285785749426,8.763629899999955e-06,0.8087108797787076,3.532569709899908e-06,0.20112890633966327,3.0487855999999447e-06,2.7939503381323596,1.5828769319800422e-05,1.3776574849146075,1.1812415499999791e-05,3.9704789167073025,2.459239921979821e-05,-0.0012329339791000002,0.000957265424019799,-0.0016362690531500001,0.0043901994031198,-0.052288433308890096
0.0037758752166,0.00071542126632,0.00059979938046,0.0052067177492399995,0.00437567459706,0.00898259296584,1.1840715198124427,8.809195699999856e-06,0.8101378677361374,3.854575210100004e-06,0.20232537064607328,3.1344545100000717e-06,2.804347255284719,1.651834612019943e-05,1.3863968904585173,1.1943650209999927e-05,3.9884187750971627,2.5327541820200153e-05,-0.0012241247834000003,0.0009825929658399991,-0.0016243254029400002,0.004406717749239999,-0.05228457873368
0.0037847300359,0.00071960152082,0.0006030204813,0.0052239330775400005,0.0043877505172,0.00900866311344,1.1916321250649426,8.854819300000219e-06,0.8115728905232774,4.180254500000071e-06,0.20352819050783327,3.2211008399999535e-06,2.814777906111499,1.7215328300001012e-05,1.3951603155727772,1.2075920140000064e-05,4.006410031176443,2.607014760000123e-05,-0.0012152699641,0.0010086631134400004,-0.0016122494828000001,0.00442393307754,-0.05228039847918
0.0037936304809,0.00072411063059,0.0006063290734099,0.00524185174208,0.0043999595543099,0.00903548222298,1.1992104855817427,8.90044500000001e-06,0.8130166026746874,4.509109769999927e-06,0.2047375400625432,3.3085921098999996e-06,2.8252436909311194,1.7918664539999865e-05,1.4039480256442871,1.2209037109900227e-05,4.0244541765128625,2.681910953999944e-05,-0.0012063695191,0.0010354822229799998,-0.0016000404456901,0.00444185174208,-0.05227588936941
0.0038025764961999,0.00072895125817,0.00060972586517,0.0052604790125399,0.0044123023613699,0.0090630555087398,1.2068066925588425,8.94601529989993e-06,0.8144696645634474,4.8406275799999995e-06,0.2059535950011231,3.396791760099994e-06,2.8357460216857393,1.8627270459899495e-05,1.412760287559967,1.2342807059999815e-05,4.042552714244583,2.7573285759800725e-05,-0.0011974235038001001,0.0010630555087398005,-0.0015876976386301,0.0044604790125398995,-0.05227104874183
0.0038115679676999,0.00073412553838,0.00061321142454,0.0052798190444599,0.0044247793922399,0.0090913870121598,1.2144208370227423,8.991471499999928e-06,0.8159327413599974,5.174280209999994e-06,0.2071765322908331,3.485559369999984e-06,2.846286319742739,1.9340031920000132e-05,1.4215973693135766,1.2477030869999586e-05,4.060707156765482,2.8331503419999626e-05,-0.0011884320323001002,0.0010913870121598002,-0.0015752206077601005,0.0044798190444599,-0.052265874461619996
0.0038206047209,0.00073963506526,0.00061678617561,0.00529987485142,0.00443739089651,0.00912047957232,1.2220530097113422,9.036753200099973e-06,0.8174065019636374,5.509526880000028e-06,0.2084065298909831,3.5747510700000337e-06,2.8568660136386193,2.005580696010003e-05,1.4304595396023265,1.2611504270100549e-05,4.078919023349962,2.9092560160199135e-05,-0.0011793952791000002,0.0011204795723199993,-0.00156260910349,0.00449987485142,-0.05226036493474
0.0038296865198,0.00074548088041,0.0006204503955,0.00532064828062,0.0044501369153,0.00915033480042,1.2297033009520422,9.081798900000167e-06,0.8188916179093073,5.845815149999999e-06,0.20964376646209312,3.664219889999991e-06,2.8674865367706595,2.0773429200000165e-05,1.4393470674141366,1.274601879000005e-05,4.097189837722702,2.98552281000012e-05,-0.0011703134802,0.0011503348004200005,-0.0015498630847,0.00452064828062,-0.05225451911959
0.0038388130656999,0.00075166346265,0.0006242042116,0.005342139990999899,0.0044630172772999,0.0091809530566998,1.237371800537542,9.126545899899863e-06,0.8203887622523673,6.182582240000004e-06,0.21088842106919312,3.753816099999973e-06,2.878149325042279,2.149171037989922e-05,1.4482602216067364,1.288036199989951e-05,4.115521125579821,3.061825627979908e-05,-0.0011611869343001002,0.0011809530566997996,-0.0015369827227001004,0.004542139990999899,-0.05224833653735
