H2,CO,C2H4,C2H2,C2H6,CH4,H2_integ,H2_delta,CO_integ,CO_delta,C2H4_integ,C2H4_delta,C2H2_integ,C2H2_delta,C2H6_integ,C2H6_delta,CH4_integ,CH4_delta,H2_norm,CH4_norm,C2H6_norm,C2H2_norm,CO_norm
0.0021402227074999,0.00151950122,0.0087494857762,0.0051792251474999,0.0108897084836999,0.0073194478549998,-0.9567703482656944,0.0,-2.017596171648895,0.0,-3.8416881615961946,0.0,-4.9919626915634785,0.0,-4.798458509861891,0.0,-5.948733039829169,0.0,-0.0028597772925001,-0.0006805521450002003,0.004889708483699899,0.0043792251474999,-0.05148049878
0.0021402685583,0.0015253224132999,0.0087503413197,0.0051909133848998,0.010890609877999998,0.0073311819431997995,-0.9524898569998945,4.585080009980938e-08,-2.0145513480155945,5.821193299899996e-06,-3.8241883345002945,8.555434999994727e-07,-4.981592553031079,1.1688237399899368e-05,-4.776678191500191,9.013943000988484e-07,-5.93408241003097,1.173408819999961e-05,-0.0028597314417000003,-0.0006688180568002007,0.004890609877999998,0.004390913384899799,-0.0514746775867001
0.0021403434707,0.0015313365039,0.0087512721844,0.0052030164785,0.010891615655099999,0.0073433599492000005,-0.9482092449708945,7.491240000025157e-08,-2.0114946890983947,6.0140906001000544e-06,-3.8066867209961943,9.308647000005194e-07,-4.9711986231676795,1.2103093600199927e-05,-4.7548959659670915,1.005777100000771e-06,-5.91940786813857,1.2178006000201046e-05,-0.0028596565293,-0.0006566400507999996,0.004891615655099999,0.004403016478499999,-0.0514686634961
0.002140448273,0.00153754899,0.0087522805173999,0.005215546253,0.0108927287903999,0.007355994526,-0.9439284532271945,1.0480229999977608e-07,-2.008425803604495,6.21248610000011e-06,-3.789183168294395,1.0083329999004825e-06,-4.960780060436179,1.252977450000043e-05,-4.733111621521592,1.1131352999002586e-06,-5.90470851366337,1.2634576799999339e-05,-0.0028595517270000002,-0.0006440054740000003,0.004892728790399899,0.004415546253,-0.05146245101
0.0021405837619,0.0015439651587999,0.0087533683831,0.0052285140794998,0.010893952145,0.0073690978413998,-0.9396474211922945,1.354888999999769e-07,-2.005344289455695,6.41616879990003e-06,-3.7716775193938945,1.0878657001004571e-06,-4.95033600010368,1.2967826499800036e-05,-4.7113249405861914,1.2233546001008677e-06,-5.8899834212959705,1.3103315399800447e-05,-0.0028594162381000003,-0.0006309021586001998,0.004893952145,0.0044285140794998,-0.0514560348412001
0.0021407506994,0.0015505900686,0.0087545377567,0.0052419308366,0.0108952884561,0.007382681536,-0.9353660867309945,1.669375000001687e-07,-2.002249734228295,6.624909800099837e-06,-3.7541696132540947,1.169373599998677e-06,-4.93986555518758,1.3416757100199843e-05,-4.6895356999850915,1.3363110999992794e-06,-5.87523164191857,1.3583694600199578e-05,-0.0028592493006,-0.0006173184640000003,0.004895288456099999,0.0044419308365999995,-0.0514494099314
0.0021409498102,0.0015574285301,0.0087557905166,0.0052558068704,0.0108967403268,0.0073967566806,-0.9310843862213944,1.9911080000002343e-07,-1.9991417156295952,6.838461500000004e-06,-3.736659284980795,1.2527599000007605e-06,-4.929367817480579,1.3876033800000465e-05,-4.667743671202192,1.4518707000012177e-06,-5.86045220370197,1.4075144600000054e-05,-0.0028590501898,-0.0006032433194000002,0.0048967403268,0.0044558068704,-0.0514425714699
0.0021411817794,0.0015644850897,0.008757128438,0.0052701519588,0.0108983102174,0.0074113337382,-0.9268022546317944,2.319692000000463e-07,-1.9960198020097948,7.056559600000095e-06,-3.7191463660261945,1.337921400000261e-06,-4.918841858651379,1.4345088399999803e-05,-4.645948620657991,1.5698905999998736e-06,-5.8456441132831705,1.4577057600000283e-05,-0.0028588182206,-0.0005886662617999999,0.0048983102174,0.0044701519588,-0.0514355149103
0.0021414472494,0.001571764012,0.0087585531862,0.0052849752734,0.0109000004356,0.0074264225228,-0.9225196256029945,2.6547000000001764e-07,-1.992883552908095,7.27892229999993e-06,-3.7016306844019944,1.4247482000000894e-06,-4.908286731419179,1.4823314599999443e-05,-4.624150310004992,1.690218200000107e-06,-5.83080635702217,1.508878459999946e-05,-0.0028585527506,-0.0005735774772000005,0.0049000004356,0.004484975273399999,-0.051428235988
0.002141746818,0.0015792692645999,0.0087600663105,0.0053002853471998,0.010901813128499999,0.0074420321651998,-0.9182364315355944,2.995686000000289e-07,-1.989732519631495,7.50525259990008e-06,-3.6841120649052947,1.5131242999989747e-06,-4.897701470798579,1.5310073799800622e-05,-4.602348496440891,1.8126928999981362e-06,-5.815937902334171,1.560964239980065e-05,-0.002858253182,-0.0005579678348001998,0.0049018131284999985,0.0045002853471998,-0.0514207307354001
0.0021420810357,0.0015870045019999,0.0087616692377,0.0053160900396998,0.0109037502734,0.0074581710753998,-0.9139526036818945,3.34217699999792e-07,-1.9865662458648952,7.735237399999866e-06,-3.6665903293570947,1.602927200000659e-06,-4.88708509541168,1.5804692499999523e-05,-4.580542933038991,1.9371449000021856e-06,-5.801037699093571,1.6138910199999315e-05,-0.0028579189643,-0.0005418289246002005,0.004903750273400001,0.004516090039699799,-0.051412995498000096
0.0021424504039,0.0015949730510999,0.008763363267,0.005332396506099801,0.010905813670899999,0.0074748469099998,-0.9096680722422944,3.69368200000067e-07,-1.9833842683117957,7.968549100000185e-06,-3.6490652968523944,1.6940292999999274e-06,-4.876436608865881,1.630646640000087e-05,-4.558733369094691,2.0633974999982596e-06,-5.7861046811081716,1.667583460000007e-05,-0.0028575495961,-0.0005251530900002004,0.004905813670899999,0.0045323965060998,-0.0514050269489001
0.0021428553722,0.0016031778977,0.0087651495642999,0.005349211167599999,0.0109080049364999,0.0074920665398,-0.9053827664661943,4.049682999999332e-07,-1.9801861173629958,8.204846600099857e-06,-3.631536784021095,1.7862972999001248e-06,-4.865755001192181,1.681466150019878e-05,-4.5369195504872915,2.1912655999017927e-06,-5.771137767658371,1.7219629800200448e-05,-0.0028571446278,-0.0005079334602,0.004908004936499901,0.004549211167599999,-0.0513968221023
0.0021432963372,0.0016116216731,0.008767029157,0.0053665396834,0.0109103254942,0.0075098360206,-0.9010966147567944,4.409650000000362e-07,-1.9769713177921957,8.443775399999973e-06,-3.6140046052997947,1.8795927001005741e-06,-4.855039250341181,1.7328515800000416e-05,-4.515101220056591,2.320557700099743e-06,-5.7561358650979715,1.7769480799999585e-05,-0.0028567036628,-0.0004901639794000004,0.0049103254942000005,0.0045665396833999995,-0.0513883783269
0.0021437736400999,0.0016203066420999,0.0087690029294,0.0053843869242997,0.0109127765694999,0.0075281605643996,-0.8968095447794945,4.7730289990007e-07,-1.973739389476996,8.684968999899973e-06,-3.5964685732133947,1.9737723999987272e-06,-4.8442883237334815,1.7847240899700016e-05,-4.493278117992892,2.4510752998987972e-06,-5.7410978685129725,1.8324543799600086e-05,-0.0028562263599001,-0.0004718394356004003,0.004912776569499899,0.0045843869242996995,-0.051379693357900096
0.0021442875650999,0.0016292346914999,0.0087710716182999,0.005402756948099699,0.010915359183399798,0.0075470445131996,-0.8925214835742946,5.13924999999936e-07,-1.970489848143396,8.928049399999994e-06,-3.578928498665695,2.0686888998998343e-06,-4.8335011798610825,1.837002379999949e-05,-4.471449982239992,2.582613899898903e-06,-5.726022663435373,1.8883948800000293e-05,-0.0028557124349001,-0.0004529554868004,0.004915359183399798,0.004602756948099699,-0.0513707653085001
0.0021448383381,0.0016384073202999,0.008773235809,0.0054216529786998,0.010918074147099999,0.0075664913167998,-0.8882323576710948,5.507730000998967e-07,-1.967222206131596,9.172628800000132e-06,-3.5613841912383952,2.164190700100488e-06,-4.822676769934283,1.8896030600100595e-05,-4.449616548909493,2.7149637002003846e-06,-5.710909127605374,1.9446803600199625e-05,-0.0028551616619000002,-0.0004335086832002004,0.0049180741470999986,0.0046216529786997996,-0.0513615926797001
0.0021454261249,0.0016478256295999,0.0087754959316,0.0054410773840998,0.010920922056499999,0.0075865035089998,-0.8839420932080947,5.87786799999962e-07,-1.963935973181696,9.418309300000078e-06,-3.543835459497795,2.260122600000053e-06,-4.811814039571484,1.9424405399999685e-05,-4.4277775527058925,2.847909400000015e-06,-5.695756132779575,2.0012192200000514e-05,-0.0028545738751000003,-0.0004134964910001999,0.004920922056499999,0.004641077384099799,-0.0513521743704001
0.0021460510304,0.0016574903149,0.0087778522574,0.0054610316602000004,0.0109239032878,0.0076070826906,-0.8796506160527947,6.249055000003521e-07,-1.9606306572371963,9.66468530009981e-06,-3.526282111308795,2.3563258000000586e-06,-4.8009119305271835,1.995427610020084e-05,-4.405932727361593,2.9812313000008445e-06,-5.680562546579975,2.0579181600199892e-05,-0.0028539489696,-0.0003929173094,0.004923903287799999,0.0046610316602,-0.0513425096851
0.0021467130969,0.0016674016582999,0.0087803048967,0.0054815164134998,0.0109270179936,0.0076282295103998,-0.8753578519254948,6.620664999997493e-07,-1.9573057652639965,9.91134339990013e-06,-3.5087239541546955,2.4526393000001007e-06,-4.789969382453483,2.0484753299799575e-05,-4.384081806080193,3.1147058000002836e-06,-5.665327234378975,2.114681979979976e-05,-0.0028532869031,-0.0003717704896002002,0.0049270179936,0.0046815164134998,-0.0513325983417001
0.0021474123039,0.0016775595220999,0.0087828537957999,0.0055025313480998,0.0109302660996999,0.007649943651999799,-0.8710637265246948,6.992069999998789e-07,-1.9539608040835965,1.0157863799999849e-05,-3.4911607954621955,2.5488990999002203e-06,-4.778985334691884,2.1014934599999577e-05,-4.362224521986892,3.248106099900533e-06,-5.650049061216576,2.1714141599999022e-05,-0.0028525876961000003,-0.0003500563480002012,0.0049302660996999,0.004702531348099799,-0.0513224404779001
0.0021481485665,0.0016879633437999,0.0087854987349,0.0055240752540998,0.0109336473014,0.0076722238205998005,-0.8667681656542947,7.362626000002176e-07,-1.9505952812176965,1.0403821700000117e-05,-3.4735924429314955,2.6449391000993305e-06,-4.767958728089685,2.1543906000000453e-05,-4.340360608585792,3.381201700099548e-06,-5.634726893743976,2.2280168600001538e-05,-0.0028518514335,-0.00032777617940019967,0.0049336473014,0.0047240752540998,-0.0513120366562001
0.0021489217354,0.0016986121316,0.0087882393268,0.0055461459986,0.0109371610622,0.0076950677339999995,-0.8624710953523946,7.731688999998085e-07,-1.9472087057422967,1.0648787800099932e-05,-3.4560187048697957,2.7405919000005746e-06,-4.756888506836985,2.2070744500200107e-05,-4.318489800222192,3.5137607999995157e-06,-5.619359602189376,2.2843913400199048e-05,-0.0028510782646000003,-0.0003049322660000006,0.004937161062199999,0.0047461459986,-0.0513013878684
0.0021497315959,0.0017095044612999,0.0087910750155,0.0055687405184997995,0.0109408066114,0.0077184721143998,-0.8581724420210947,8.098605000003006e-07,-1.9438005891493966,1.0892329699899953e-05,-3.4384393905274955,2.83568869999945e-06,-4.745773620319884,2.259451989979934e-05,-4.296611832548592,3.645549199999751e-06,-5.6039460623409765,2.3404380399800508e-05,-0.0028502684041,-0.0002815278856002001,0.004940806611399999,0.004768740518499799,-0.0512904955387001
0.002150577868,0.0017206384744,0.0087940050751,0.005591854816799999,0.010944582943099999,0.0077424326848,-0.8538721325571946,8.462720999997432e-07,-1.9403704462136966,1.1134013100100098e-05,-3.420854310436895,2.930059600000229e-06,-4.734613024984585,2.311429830019994e-05,-4.274726442994092,3.7763316999995383e-06,-5.588485157541776,2.3960570400200117e-05,-0.0028494221320000002,-0.0002575673152,0.004944582943099999,0.004791854816799999,-0.0512793615256
0.0021514602062,0.0017320118767,0.00879702861,0.005615483959599999,0.0109484888162,0.0077669441658,-0.8495700944829946,8.823381999999158e-07,-1.9369177958625967,1.1373402300000023e-05,-3.403263276751795,3.0235349000005962e-06,-4.723405686208185,2.362914279999996e-05,-4.252833371234793,3.905873100000512e-06,-5.572975780691176,2.4511480999999877e-05,-0.0028485397938000003,-0.00023305583420000012,0.004948488816199999,0.004815483959599999,-0.051267988123299996
0.0021523781991999,0.001743621939,0.0088001445542,0.0056396220771999,0.010952522753399899,0.0077920002763998,-0.8452662560775946,9.179929999002072e-07,-1.933442162046897,1.1610062300000017e-05,-3.385666103587595,3.1159441999991516e-06,-4.712150580171386,2.413811759990024e-05,-4.230932359665193,4.0339371998997925e-06,-5.557416836248977,2.5056110599800015e-05,-0.0028476218008001,-0.0002079997236002001,0.004952522753399899,0.004839622077199899,-0.051256378061
0.0021533313704,0.0017554654976,0.0088033516727,0.0056642623656,0.010956683043100001,0.007817593736,-0.8409605465079947,9.531712000998213e-07,-1.9299430746102968,1.1843558599999903e-05,-3.368062607360695,3.207118500001341e-06,-4.700846695728586,2.464028840010006e-05,-4.209023153868692,4.1602897001020295e-06,-5.541807242236577,2.5593459600199882e-05,-0.0028466686296000003,-0.00018240626400000022,0.004956683043100001,0.004864262365599999,-0.0512445345024
0.0021543191782,0.0017675389574,0.0088066485616,0.005689397093,0.0109609677398,0.0078437162712,-0.8366528959593947,9.878078000001046e-07,-1.926420070155297,1.2073459799999972e-05,-3.350452607126395,3.2968888999986012e-06,-4.689493036269986,2.513472740000005e-05,-4.187105503085792,4.284696699998272e-06,-5.526145932229377,2.6122535200000588e-05,-0.0028456808218,-0.00015628372879999963,0.004960967739799999,0.004889397092999999,-0.0512324610426
0.0021553410163,0.0017798382945999,0.0088100336496,0.0057150176054998,0.0109653746659,0.0078703586217998,-0.8323432357648948,1.0218380999999117e-06,-1.9228726929032969,1.2299337199900067e-05,-3.3328359249151953,3.3850880000012296e-06,-4.678088621571486,2.5620512499800047e-05,-4.1651791606800925,4.406926100000708e-06,-5.5104318573363775,2.6642350599799525e-05,-0.0028446589837000003,-0.0001296413782002001,0.0049653746659,0.004915017605499799,-0.0512201617054001
0.0021563962146999,0.0017923590617,0.0088135052001,0.0057411143380999,0.0109699014147999,0.007897510552799799,-0.8280314985338948,1.0551983999000474e-06,-1.919300495546997,1.2520767100100043e-05,-3.315212386065495,3.4715504999994345e-06,-4.666632489627887,2.6096732600100134e-05,-4.143243884599392,4.526748899899916e-06,-5.494663988161778,2.715193099999888e-05,-0.0028436037853001002,-0.00010248944720020123,0.0049699014147999,0.0049411143380998996,-0.0512076409383
0.0021574840403,0.0018050963927,0.0088170613132,0.005767676825700001,0.0109745453535,0.007925160866000001,-0.8237176182788949,1.0878256001003138e-06,-1.915703040092597,1.2737331000000057e-05,-3.297581819552195,3.556113099999897e-06,-4.655123698464086,2.656248760010086e-05,-4.121299437831092,4.643938700100644e-06,-5.478841316742979,2.7650313200202475e-05,-0.0028425159597,-7.483913399999875e-05,0.0049745453535000005,0.0049676768257,-0.0511949036073
0.002158603698,0.0018180450102,0.008820699928,0.0057946937184,0.010979303626,0.0079532974164,-0.819401530540595,1.119657699999877e-06,-1.912079898689697,1.2948617499999957e-05,-3.279944058310995,3.6386147999993568e-06,-4.643561327919986,2.7016892699999358e-05,-4.099345588851592,4.7582724999988e-06,-5.462962858460578,2.8136550399997934e-05,-0.002841396302,-4.670258360000082e-05,0.004979303625999999,0.0049946937184,-0.0511819549898
0.0021597543318,0.0018311992324999,0.0088244188262,0.0058221527967998,0.010984173158,0.0079819071285998,-0.815083172510795,1.1506338000000053e-06,-1.9084306544469969,1.3154222299899872e-05,-3.262298939556795,3.7188982000002646e-06,-4.631944481404787,2.7459078399800184e-05,-4.077382112067592,4.869532000000704e-06,-5.447027653915579,2.860971219980149e-05,-0.0028402456682,-1.809287140019933e-05,0.004984173158,0.0050221527967998,-0.0511688007675001
0.0021609350261999,0.0018445529828,0.0088282156347,0.0058500409917999,0.0109891506608999,0.008010976017999799,-0.8107624831527951,1.1806943998999252e-06,-1.9047549022316972,1.3353750300100064e-05,-3.244646305095895,3.796808499999943e-06,-4.620272287616187,2.788819500009962e-05,-4.055408788248692,4.977502899900302e-06,-5.431034770768979,2.9068889399998243e-05,-0.0028390649738001,1.0976017999798915e-05,0.0049891506608999,0.0050500409917999,-0.0511554470172
0.0021621448076,0.0018580997988,0.0088320878304,0.0058783444052,0.010994232638,0.0080404892128,-0.8064394033189951,1.2097814000998526e-06,-1.9010522494500972,1.3546816000000123e-05,-3.2269860016307947,3.8721956999998586e-06,-4.608543902219187,2.83034134001001e-05,-4.033425404949792,5.0819771000992775e-06,-5.414983305538178,2.9513194800200385e-05,-0.0028378551924000003,4.04892127999993e-05,0.0049942326379999995,0.0050783444052,-0.0511419002012
0.0021633826458,0.0018718328432999,0.0088360327432999,0.0059070483323998,0.0109994153890999,0.0080704309781998,-0.8021138758655951,1.2378382000001464e-06,-1.8973223168079973,1.3733044499900007e-05,-3.209317881057095,3.944912899900288e-06,-4.596758509481587,2.870392719980016e-05,-4.011431756922692,5.1827510999004345e-06,-5.398872385347179,2.9941765399801173e-05,-0.0028366173542,7.043097819980047e-05,0.0049994153890999,0.0051070483323998,-0.0511281671567001
0.0021646474561999,0.0018857449158,0.0088400475619999,0.0059361372877998995,0.0110046950181998,0.008100784743999799,-0.7977858457635952,1.2648103998999169e-06,-1.8935647390488974,1.391207250009993e-05,-3.1916418007517953,4.0148187000002555e-06,-4.584915323861387,2.9088955400099342e-05,-3.9894276465153915,5.279629099899305e-06,-5.382701169624979,3.0353765799998392e-05,-0.0028353525438001,0.00010078474399979886,0.005004695018199799,0.005136137287799899,-0.0511142550842
0.0021659381011,0.0018998284655,0.008844129338,0.0059655950321,0.011010067439100001,0.0081315331332,-0.7934552602062953,1.290644900100047e-06,-1.8897791656675975,1.408354969999995e-05,-3.1739576238517953,4.081776000100512e-06,-4.573013591541487,2.9457744300100813e-05,-3.967412884058092,5.37242090020186e-06,-5.366468851747779,3.074838920020043e-05,-0.0028340618989,0.0001315331331999993,0.005010067439100001,0.0051655950321,-0.0511001715345
0.002167253392,0.0019140756042,0.0088482749912,0.0059954046004,0.0110155283832,0.0081626579924,-0.7891220687131953,1.3152908999998318e-06,-1.8859652615978975,1.4247138700000054e-05,-3.1562652195225955,4.145653199999835e-06,-4.561052591908988,2.9809568299999506e-05,-3.9453872882357923,5.460944099998366e-06,-5.350174660622179,3.112485919999977e-05,-0.0028327466080000003,0.00016265799239999906,0.0050155283831999995,0.0051954046003999995,-0.0510859243958
0.002168592092,0.0019284781213,0.0088524813155,0.0060255483346,0.0110210734075,0.008194140426600001,-0.7847862232291954,1.3387000000002723e-06,-1.8821227078723974,1.440251709999992e-05,-3.138564463215895,4.206324299999703e-06,-4.549031638973988,3.0143734200000112e-05,-3.923350686445092,5.545024300000409e-06,-5.33381786220318,3.1482434200001685e-05,-0.002831407908,0.00019414042660000075,0.0050210734075,0.0052255483346,-0.051071521878699996
0.0021699529178,0.0019430274985,0.0088567449849,0.0060560079148,0.0110266979027,0.0082259608326,-0.7804476782193954,1.3608257999997257e-06,-1.8782512022525975,1.4549377199999953e-05,-3.1208552369154954,4.26366939999985e-06,-4.536950082724587,3.0459580200000065e-05,-3.9013029151348917,5.62449520000001e-06,-5.3173977609439795,3.182040599999936e-05,-0.0028300470822000003,0.0002259608326000001,0.0050266979027,0.0052560079148,-0.0510569725015
0.002171334542,0.001957714926,0.0088610625592,0.006086764394,0.011032397101199999,0.008258098936,-0.7761063907595955,1.381624200000233e-06,-1.8743504598280976,1.4687427500000017e-05,-3.103137429371395,4.3175743000001265e-06,-4.524807310415786,3.075647919999983e-05,-3.879243820130992,5.699198499999059e-06,-5.3009137011753795,3.213810339999963e-05,-0.002828665458,0.00025809893599999974,0.005032397101199999,0.0052867643939999995,-0.051042285074
0.0021727355959,0.0019725313189,0.0088654304912,0.006117798233700001,0.0110381660871,0.0082905338296,-0.7717623206216955,1.4010539000001813e-06,-1.8704202135831975,1.4816392900000256e-05,-3.0854109363209954,4.367931999999658e-06,-4.512602747788087,3.103383970000113e-05,-3.8571732569426915,5.768985900000273e-06,-5.284365068409779,3.2434893600000875e-05,-0.0028272644041,0.0002905338296000006,0.005038166087099999,0.005317798233700001,-0.051027468681099995
0.0021741546721,0.0019874673354,0.008869845133,0.0061490893429,0.0110439998051,0.008323244015,-0.7674154303536955,1.4190761999997685e-06,-1.8664602149288976,1.4936016499999833e-05,-3.0676756606967954,4.414641799999758e-06,-4.500335860211488,3.1291109199999e-05,-3.835091091050491,5.83371799999996e-06,-5.2677512905651795,3.27101853999992e-05,-0.0028258453279,0.0003232440149999998,0.005043999805099999,0.0053490893429,-0.0510125326646
0.0021755903271,0.0020025133939,0.0088743027434,0.0061806171149,0.0110498930705,0.008356207442,-0.7630656853544955,1.4356550000001363e-06,-1.8624702341995976,1.504605849999988e-05,-3.049931512820395,4.4576104000007555e-06,-4.4880061537536875,3.152777200000033e-05,-3.8129971981748914,5.893265400000458e-06,-5.251071839108179,3.296342700000003e-05,-0.0028244096729,0.00035620744199999985,0.0050498930705,0.0053806171149,-0.0509974866061
0.0021770410840999,0.0020176596923,0.0088787994948,0.0062123604686999,0.0110558405788999,0.0083894015527998,-0.7587130539432956,1.450756999899893e-06,-1.8584500611133974,1.5146298400000192e-05,-3.032178410582195,4.49675139999918e-06,-4.4756131761700875,3.174335379989984e-05,-3.790891464525491,5.9475083998995065e-06,-5.234326230113379,3.319411079980017e-05,-0.0028229589159001,0.0003894015527998,0.005055840578899899,0.0054123604686999,-0.0509823403077
0.002178505436,0.0020328962274,0.0088833314812,0.0062442978908,0.011061836917199998,0.0084228033268,-0.7543575074231956,1.4643519000998376e-06,-1.8543995051936975,1.5236535099999969e-05,-3.014416279606195,4.531986400000201e-06,-4.463156517810587,3.1937422100099776e-05,-3.7687737870293914,5.9963383000991716e-06,-5.21751402523378,3.340177400019961e-05,-0.0028214945640000003,0.00042280332679999963,0.005061836917199998,0.0054442978908,-0.0509671037726
0.0021799818483,0.002048212814,0.0088878947256,0.0062764074763,0.011067876573900001,0.0084563893246,-0.7499990201388956,1.4764122999999518e-06,-1.8503183961522975,1.531658659999994e-05,-2.996645053399395,4.563244400001068e-06,-4.450635812443487,3.210958549999983e-05,-3.746644073538291,6.0396567000027546e-06,-5.20063483258238,3.358599779999978e-05,-0.0028200181517000003,0.0004563893245999994,0.005067876573900001,0.005476407476299999,-0.050951787186
0.0021814687624,0.002063599106,0.0088924851882,0.006308666974400001,0.011073953950599999,0.0084901357368,-0.7456375695281956,1.486914100000316e-06,-1.8462065842322974,1.538629200000018e-05,-2.978864673485595,4.590462599998735e-06,-4.438050737992787,3.225949810000111e-05,-3.724502243013791,6.07737669999775e-06,-5.18368830752098,3.374641220000099e-05,-0.0028185312376,0.0004901357368000004,0.005073953950599999,0.0055086669744000005,-0.050936400894
0.0021829645981,0.0020790446163,0.0088970987738999,0.0063410538307,0.0110800633719999,0.0085240184288,-0.7412731361676956,1.4958356999998819e-06,-1.8420639405099972,1.5445510299999955e-05,-2.9610750895234954,4.6135856999005714e-06,-4.425401017187687,3.238685629999936e-05,-3.702348225691191,6.109421399901754e-06,-5.1666741533553795,3.388269199999967e-05,-0.0028170354019,0.0005240184288000001,0.005080063371999901,0.0055410538307,-0.0509209553837
0.0021844677577,0.0020945387383,0.0089017313412,0.0063735452343,0.0110861990989,0.008558012992,-0.7369057038118957,1.5031595999998038e-06,-1.8378903571553973,1.5494121999999957e-05,-2.943276259408395,4.632567300100199e-06,-4.4126864181226875,3.249140359999972e-05,-3.6801819632202903,6.1357269001000025e-06,-5.14959212193458,3.399456319999952e-05,-0.0028155322423000003,0.0005580129919999996,0.005086199098900001,0.0055735452343,-0.0509054612617
0.0021859766282,0.0021100707672,0.0089063787102,0.0064061181626,0.0110923553384,0.0085920947908,-0.7325352594259956,1.5088705000000993e-06,-1.8336857476498973,1.5532028899999974e-05,-2.925468149356995,4.6473690000006784e-06,-4.399906754725787,3.257292830000005e-05,-3.6580034087829905,6.15623949999991e-06,-5.1324420141517795,3.4081798800000146e-05,-0.0028140233718,0.0005920947907999997,0.0050923553384000005,0.0056061181626,-0.0508899292328
0.0021874895854,0.0021256299214,0.0089110366709,0.0064387494282,0.0110985262563,0.0086262390136,-0.7281617932123956,1.5129572000002062e-06,-1.8294500469612973,1.555915420000005e-05,-2.9076507339758955,4.657960699998645e-06,-4.387061887134987,3.2631265600000306e-05,-3.635812527188291,6.170917899998851e-06,-5.115223680347379,3.414422280000051e-05,-0.0028125104146,0.0006262390136000003,0.005098526256299999,0.0056387494282,-0.0508743700786
0.0021890049967,0.0021412053643,0.0089157009919,0.0064714157253,0.0111047059886,0.008660420722,-0.7237852986302956,1.515411299999811e-06,-1.8251832116755973,1.5575442899999972e-05,-2.8898239963130954,4.664321000000596e-06,-4.374151721981487,3.2666297099999755e-05,-3.613609294943391,6.179732300000407e-06,-5.097937020611779,3.4181708399999566e-05,-0.0028109950033,0.0006604207219999998,0.0051047059886,0.0056714157253,-0.0508587946357
0.0021905212244,0.0021567862266,0.0089203674289999,0.006504093677599999,0.0111108886533999,0.008694614901999999,-0.7194057724091957,1.5162276999999315e-06,-1.8208852200846974,1.5580862299999915e-05,-2.8719879278921954,4.66643709990007e-06,-4.361176212578588,3.267795229999933e-05,-3.5913937003013903,6.182664799899568e-06,-5.080581984987779,3.4194179999998825e-05,-0.0028094787756000003,0.0006946149019999986,0.005110888653399899,0.005704093677599999,-0.050843213773399995
0.0021920366293,0.0021723616277,0.0089250317337,0.0065367598847,0.011117068363,0.008728796514,-0.7150232145554957,1.515404900000357e-06,-1.8165560722303973,1.557540109999988e-05,-2.8541425287294957,4.6643047000999305e-06,-4.348135359016288,3.266620710000098e-05,-3.569165743284991,6.179709600101155e-06,-5.063158573571779,3.418161200000047e-05,-0.0028079633707,0.0007287965139999991,0.0051170683630000005,0.0057367598847,-0.0508276383723
0.0021935495739,0.0021879206982,0.0089296896617,0.0065693909703,0.0111232392356,0.0087629405442,-0.7106376283522956,1.512944599999736e-06,-1.8121957899044974,1.5559070499999994e-05,-2.8362878073340956,4.6579279999996864e-06,-4.335029208161288,3.263108559999929e-05,-3.5469254356863904,6.170872599998989e-06,-5.045666836513578,3.414403020000033e-05,-0.0028064504261,0.0007629405441999994,0.0051232392355999995,0.005769390970299999,-0.0508120793018
0.0021950584256,0.0022034526018,0.0089343369818,0.0066019636292,0.0111293954074,0.0087970220548,-0.7062490203527956,1.5088516999999142e-06,-1.8078044166044973,1.5531903599999997e-05,-2.818423780690596,4.64732010000031e-06,-4.321857853561788,3.257265890000034e-05,-3.5246728010433905,6.156171799999791e-06,-5.028106873914578,3.408151059999982e-05,-0.0028049415744000003,0.0007970220547999993,0.005129395407399999,0.0058019636292,-0.0507965473982
0.0021965615601,0.0022189465572,0.0089389694841,0.0066344546745,0.011135531044199998,0.0088310162346,-0.7018574003670957,1.5031345000000342e-06,-1.8033820174454973,1.5493955400000103e-05,-2.800550474224696,4.632502299999411e-06,-4.308621435258088,3.2491045299999806e-05,-3.502407874591791,6.135636799999011e-06,-5.010478835625178,3.3994179800000274e-05,-0.0028034384399000002,0.0008310162345999995,0.005135531044199998,0.0058344546744999995,-0.0507810534428
0.0021980573645999,0.0022343918598,0.0089435829887,0.0066668410841999,0.011141640353299901,0.008864898448799799,-0.6974627814423957,1.4958044999000865e-06,-1.7989286790284973,1.544530259999996e-05,-2.7826679217518957,4.613504600001206e-06,-4.295320139499388,3.238640969990044e-05,-3.480130703194291,6.109309099902593e-06,-4.992782920941779,3.3882214199799227e-05,-0.0028019426354001,0.0008648984487997988,0.005141640353299901,0.0058668410841999,-0.0507656081402
0.0021995442412,0.0022497779034999,0.0089481733543,0.0066991000481997996,0.0111477175955,0.0088986442893998,-0.6930651798365959,1.4868766000999956e-06,-1.7944445092651975,1.538604369990008e-05,-2.764776165408896,4.590365599998689e-06,-4.281954198366988,3.225896399989929e-05,-3.457841345245491,6.077242200098684e-06,-4.975019378203579,3.374584060000102e-05,-0.0028004557588,0.0008986442893997998,0.0051477175955,0.005899100048199799,-0.0507502220965001
0.0022010206101,0.0022650942018,0.0089527364861,0.0067312090137,0.0111537570962,0.008932229623800001,-0.688664614985296,1.476368900000212e-06,-1.7899296371598976,1.5316298300099927e-05,-2.7468752555684954,4.563131800000564e-06,-4.268523889305089,3.2108965500200065e-05,-3.435539870553791,6.0395006999999085e-06,-4.95718850429038,3.3585334400201144e-05,-0.0027989793899,0.0009322296238000009,0.0051537570961999995,0.005931209013699999,-0.050734905798199996
0.0022024849125999,0.0022803304089,0.0089572683444999,0.0067631457303999,0.0111597532570998,0.0089656306429998,-0.6842611094625961,1.4643024998997611e-06,-1.7853842125491974,1.5236207099999979e-05,-2.728965250737896,4.531858399900099e-06,-4.255029534560989,3.1936716699900586e-05,-3.4132263602004915,5.99616089979986e-06,-4.93929064402358,3.340101919979861e-05,-0.0027975150874001,0.0009656306429997995,0.005159753257099799,0.0059631457303999,-0.0507196695911
0.0022039356143,0.0022954763406,0.0089617649527,0.0067948882955,0.011165700567,0.008998823909799999,-0.6798546889356962,1.4507017000999975e-06,-1.7808084057996973,1.5145931699999966e-05,-2.7110462174406957,4.496608200099325e-06,-4.241471500535089,3.174256510009993e-05,-3.390900906376391,5.94730990020019e-06,-4.92132618947078,3.319326680019906e-05,-0.0027960643857,0.0009988239097999986,0.0051657005669999995,0.0059948882955,-0.0507045236594
0.0022053712083,0.0023105219942,0.0089662224049,0.0068264151967,0.0111715936132,0.009031786404999999,-0.6754453821130961,1.4355939999999463e-06,-1.7762024074648974,1.5045653600000066e-05,-2.693118230083096,4.4574522000007805e-06,-4.227850197042889,3.1526901199999645e-05,-3.368563612196191,5.893046200000293e-06,-4.90329557915598,3.2962495200000025e-05,-0.0027946287917000002,0.0010317864049999986,0.0051715936132,0.006026415196699999,-0.050689478005799996
0.0022067902179,0.0023254575685,0.0089706368741,0.0068577053549,0.011177427092,0.0090644955728,-0.6710332206868961,1.4190095999999479e-06,-1.7715664279021974,1.4935574300000126e-05,-2.675181370804096,4.414469199999493e-06,-4.2141660764912885,3.129015820000063e-05,-3.346214591490991,5.833478799999875e-06,-4.885199297178181,3.270916780000188e-05,-0.0027932097821000003,0.0010644955728000005,0.005177427092,0.0060577053549,-0.0506745424315
0.0022081911996999,0.0023402734828,0.0089750046192,0.0068887381652999,0.0111831958188999,0.0090969293649998,-0.6666182392692962,1.4009817998999856e-06,-1.7669006968508976,1.4815914299999913e-05,-2.6572357293107958,4.367745100000708e-06,-4.200419632971089,3.103281039989938e-05,-3.323853968580091,5.768726899899393e-06,-4.867037872240381,3.243379219979893e-05,-0.0027918088003001003,0.0010969293649997994,0.005183195818899899,0.006088738165299899,-0.0506597265172
0.0022095727465,0.0023549603960999,0.0089793219927999,0.0069194935386998006,0.0111888947392999,0.0091290662851998,-0.6622004753230962,1.3815468001003757e-06,-1.7622054629719976,1.4686913299899983e-05,-2.6392814026987956,4.3173735998994905e-06,-4.186611401267089,3.0755373399900775e-05,-3.301481878021891,5.698920400001167e-06,-4.848811876590181,3.213692019999985e-05,-0.0027904272535,0.0011290662851997993,0.0051888947392999,0.0061194935386998,-0.0506450396039001
0.0022109334895,0.0023695092248,0.0089835854478999,0.0069499519391,0.0111945189373999,0.0091608854286,-0.6577799690870962,1.3607429999997964e-06,-1.7574809933510978,1.454882870009994e-05,-2.621318495258096,4.26345510000023e-06,-4.172741955789289,3.0458400400199676e-05,-3.2790984643451915,5.624198099999159e-06,-4.830521924876381,3.181914340020034e-05,-0.0027890665105,0.0011608854285999996,0.005194518937399899,0.0061499519391,-0.0506304907752
0.0022122721019,0.00238391116,0.0089877915451,0.0069800944219,0.011200063647,0.0091923665238,-0.6533567634956962,1.338612400000102e-06,-1.7527275729662979,1.4401935200000163e-05,-2.603347118265096,4.2060972001000535e-06,-4.158811909428289,3.0142482799999995e-05,-3.2567038817607914,5.544709600100589e-06,-4.812168672923981,3.148109520000053e-05,-0.0027877278981,0.0011923665238000002,0.005200063647,0.0061800944219,-0.05061608884
0.0022135873003,0.0023981576846,0.0089919369585,0.007009902669500001,0.0112055242588,0.0092234899698,-0.6489309040934962,1.3151983999999846e-06,-1.7479455041216978,1.4246524600000036e-05,-2.5853673897614957,4.145413400000533e-06,-4.144821912336889,2.980824760000049e-05,-3.2342982938549913,5.460611800000084e-06,-4.793752816430381,3.112344600000004e-05,-0.0027864126997,0.0012234899698000002,0.0052055242588,0.0062099026695,-0.0506018423154
0.0022148778479999,0.0024122405891,0.0089960184826,0.0070393590261999,0.0112108963305999,0.0092542368741998,-0.6445024389451962,1.2905476998999015e-06,-1.743135105847998,1.4082904499999969e-05,-2.567379434320396,4.08152409999904e-06,-4.130772650641189,2.9456356699899405e-05,-3.2118818732655914,5.372071799899375e-06,-4.775275089586382,3.074690439979974e-05,-0.0027851221520001,0.0012542368741998,0.0052108963305998995,0.0062393590261999,-0.0505877594109
0.0022161425567,0.0024261519869,0.0090000330378,0.007068446530500001,0.0112161755945,0.0092845890872,-0.6400714185404963,1.2647087000998598e-06,-1.738296713271998,1.3911397800000103e-05,-2.549383382799996,4.014555200000658e-06,-4.11666484508449,2.90875043001005e-05,-3.1894548013404918,5.279263900100084e-06,-4.7567362636249815,3.0352213000199926e-05,-0.0027838574433000003,0.0012845890871999999,0.0052161755944999996,0.0062684465305,-0.0505738480131
0.002217380289,0.0024398843281,0.0090039776761,0.0070971489452,0.011221357965100001,0.0093145292342,-0.6356378956947963,1.2377323000000058e-06,-1.7334306769569978,1.3732341199999918e-05,-2.531379372086096,3.944638300000178e-06,-4.1024992496087895,2.8702414699999408e-05,-3.1670172677808917,5.182370600001485e-06,-4.738137145303582,2.9940146999999848e-05,-0.0027826197110000003,0.0013145292341999997,0.005221357965100001,0.0062971489452,-0.0505601156719
0.0022185899604,0.0024534304139,0.0090078495866,0.0071254507882,0.011226439546999999,0.0093440407486,-0.6312019254453963,1.2096714000001119e-06,-1.728537362214998,1.3546085800000048e-05,-2.513367544823396,3.87191049999909e-06,-4.08827664987539,2.8301843000000208e-05,-3.1445694702687916,5.081581899997467e-06,-4.719478575320781,2.9511514399999453e-05,-0.0027814100396,0.0013440407485999992,0.0052264395469999985,0.0063254507882,-0.0505465695861
0.0022197705409,0.0024667834084,0.0090116461,0.007153337357700001,0.011231416640899999,0.0093731078986,-0.6267635649440964,1.1805804999999968e-06,-1.7236171483926979,1.3352994500000041e-05,-2.495348049136796,3.796513399999951e-06,-4.07399786172949,2.7886569500000513e-05,-3.1221116140808913,4.977093900000382e-06,-4.700761426673581,2.9067150000000944e-05,-0.0027802294591,0.0013731078986000001,0.005231416640899999,0.0063533373577,-0.0505332165916
0.0022209210571999,0.0024799368508,0.0090153646936,0.0071807947587999,0.0112362857507999,0.0094017158159998,-0.6223228733459965,1.1505162999000777e-06,-1.7186704281334977,1.3153442400000003e-05,-2.477321038343196,3.7185936000005276e-06,-4.05966372961299,2.745740109989965e-05,-3.0996439116891916,4.869109899901039e-06,-4.681986602958982,2.8607917399800162e-05,-0.0027790789428001,0.0014017158159998003,0.0052362857507999,0.0063807947587999,-0.0505200631492
0.002222040594,0.0024928846656,0.0090190029951,0.0072078099252,0.0112410435891,0.009429850519199999,-0.6178799116947966,1.1195368000999767e-06,-1.7136976066170977,1.2947814799999739e-05,-2.459286670654496,3.6383015000005653e-06,-4.04527512492899,2.7015166400099454e-05,-3.0771665823492915,4.757838300100542e-06,-4.663155036623782,2.8134703200198563e-05,-0.002777959406,0.0014298505191999988,0.0052410435891000005,0.0064078099251999995,-0.0505071153344
0.0022231282955,0.002505621173,0.0090225587865,0.0072343706415,0.011245687082000001,0.009457498937,-0.6134347428052966,1.0877014999998921e-06,-1.7086991007784977,1.2736507400000225e-05,-2.441245108872896,3.5557913999999247e-06,-4.03083294436229,2.6560716300000342e-05,-3.0546798516781917,4.643492900000684e-06,-4.644267687167582,2.76484178000011e-05,-0.0027768717045,0.001457498937,0.005245687082000001,0.0064343706415,-0.050494378826999996
0.0022241833668999,0.0025181410968,0.0090260300078,0.007260465560499901,0.0112502133746999,0.009484648927399801,-0.6089874311428967,1.0550713999001211e-06,-1.7036753385086976,1.2519923799999937e-05,-2.423196520078596,3.4712212999988418e-06,-4.016338108160291,2.6094918999900428e-05,-3.0321839512214916,4.526292699898529e-06,-4.625325539303182,2.7149990399800983e-05,-0.0027758166331001,0.001484648927399801,0.0052502133746999,0.0064604655604999,-0.0504818589032
0.0022252050753,0.0025304395729,0.0090294147595,0.007286084221099999,0.0112546198348,0.0095112892964,-0.6045380427006968,1.0217084000997863e-06,-1.6986267578389977,1.2298476099999699e-05,-2.4051410753112963,3.384751700001229e-06,-4.001791558378692,2.561866060009875e-05,-3.009679118011992,4.4064601001005815e-06,-4.606329601079382,2.6640369000198103e-05,-0.0027747949247000003,0.001511289296399999,0.0052546198348,0.006486084221099999,-0.0504695604271
0.0022261927508,0.0025425121552,0.0090327113057,0.0073112170612,0.011258904056500001,0.009537409811999999,-0.6000866448745967,9.876755000001562e-07,-1.6935538061108977,1.207258230000001e-05,-2.387078949246096,3.296546200000014e-06,-3.987194257096391,2.513284010000061e-05,-2.987165594120692,4.284221700000604e-06,-4.587280901970983,2.6120515599999464e-05,-0.0027738072492,0.0015374098119999985,0.005258904056500001,0.0065112170612,-0.050457487844799996
0.0022271457876,0.0025543548216999,0.0090359180759,0.0073358554309998,0.011263063863500001,0.0095630012185998,-0.5956333063361967,9.530367999998311e-07,-1.6884569391339976,1.1842666499900165e-05,-2.3690103198644965,3.2067701999996534e-06,-3.9725471846041915,2.4638369799799727e-05,-2.964643626200692,4.159806999999918e-06,-4.568180490940383,2.559140659980086e-05,-0.0027728542124000003,0.0015630012185997993,0.005263063863500001,0.006535855430999799,-0.0504456451783001
0.0022280636443,0.0025659639789,0.0090390336667999,0.0073599916021,0.0112670973110999,0.0095880552464,-0.5911780969042968,9.178567000000214e-07,-1.6833366203333977,1.1609157200099824e-05,-2.3509353681217964,3.115590899899906e-06,-3.9578513375710918,2.4136171100200103e-05,-2.942113465026092,4.033447599898626e-06,-4.549029434475383,2.505402780019969e-05,-0.0027719363557000003,0.001588055246399999,0.005267097311099899,0.0065599916020999995,-0.0504340360211
0.0022289458444,0.0025773364648,0.0090420568437999,0.007383618774,0.011271002688199899,0.0096125646184,-0.5867210874155968,8.82200100000164e-07,-1.6781933198896977,1.1372485900000302e-05,-2.332854277611197,3.023176999999294e-06,-3.9431077271949926,2.3627171900000334e-05,-2.9195753650267924,3.9053770999990245e-06,-4.529828814610584,2.450937200000093e-05,-0.0027710541556,0.0016125646184,0.0052710026881998984,0.006583618774,-0.0504226635352
0.002229791977,0.0025884695517,0.0090449865418,0.0074067310804,0.0112747785188,0.009636523057399999,-0.5822623495941968,8.461326000000838e-07,-1.6730275138731976,1.1133086899999759e-05,-2.314767234225597,2.9296980001009e-06,-3.928317377340593,2.3112306399999602e-05,-2.8970295838197924,3.775830600101851e-06,-4.510579726934783,2.395843899999882e-05,-0.002770208023,0.0016365230573999988,0.0052747785188,0.006606731080399999,-0.0504115304483
0.0022306016967,0.0025993609474,0.0090478218657,0.0074293235915,0.0112784235624,0.009659925288199998,-0.5778019559204968,8.097196999997357e-07,-1.6678396833740976,1.0891395699999962e-05,-2.296674425818097,2.835323900000214e-06,-3.9134813226686926,2.2592511100000094e-05,-2.8744763817385923,3.6450436000003833e-06,-4.491283278589184,2.3402230799999396e-05,-0.0027693983033000003,0.0016599252881999982,0.005278423562400001,0.0066293235914999995,-0.0504006390526
0.0022313747239,0.0026100087947,0.0090505620904,0.0074513923133,0.0112819368143,0.009682767037199998,-0.5733399794998968,7.730271999999844e-07,-1.6626303136319978,1.064784730000004e-05,-2.278576041861997,2.7402246999992663e-06,-3.898600606763893,2.2068721800000066e-05,-2.8519160213618924,3.5132518999992507e-06,-4.471940586263783,2.284174900000005e-05,-0.0027686252761000003,0.0016827670371999982,0.0052819368143,0.0066513923132999996,-0.0503899912053
0.0022321108441,0.0026204116714,0.0090532066605,0.0074729341868999995,0.0112853175046,0.009705045031,-0.5688764939318969,7.36120200000006e-07,-1.657399893165898,1.040287669999999e-05,-2.260472273111097,2.6445700999997573e-06,-3.883676280263693,2.1541873599999553e-05,-2.8293487670429927,3.380690300000197e-06,-4.452552774195584,2.2277993800001727e-05,-0.0027678891559000003,0.001705045031,0.0052853175046,0.006672934186899999,-0.0503795883286
0.0022328099083,0.0026305685871,0.0090557551894,0.0074939470825,0.0112885650977,0.0097267569908,-0.5644115731794969,6.990642000001893e-07,-1.6521489129073978,1.0156915700000081e-05,-2.242363311261197,2.5485288999999717e-06,-3.868709398994293,2.101289560000035e-05,-2.8067748844406926,3.2475930999992936e-06,-4.433120972173784,2.171195980000054e-05,-0.0027671900917,0.0017267569908000005,0.005288565097699999,0.0066939470824999995,-0.0503694314129
0.0022334718318,0.0026404789811,0.009058207458,0.007514429794000001,0.011291679289799999,0.0097479016258,-0.5599452914393969,6.61923499999887e-07,-1.6468778653391978,9.910394000000287e-06,-2.224249348613797,2.4522685999998906e-06,-3.853701022117793,2.0482711500000896e-05,-2.7841946400531925,3.114192099999344e-06,-4.413646313557184,2.114463499999948e-05,-0.0027665281682000002,0.0017479016258,0.005291679289799999,0.006714429794,-0.0503595210189
0.0022340965943,0.0026501427173,0.0090605634132,0.0075343820289,0.011294660007499999,0.009768478623199999,-0.5554777230132969,6.247625000000562e-07,-1.6415872436407979,9.663736199999867e-06,-2.206130577742597,2.355955199999718e-06,-3.838652210294893,1.9952234899998922e-05,-2.7616083007558925,2.980717699999774e-06,-4.394129933308184,2.0576997399998978e-05,-0.0027659034057,0.001768478623199999,0.0052946600074999985,0.006734382028899999,-0.0503498572827
0.0022346842384,0.0026595600795,0.0090628231659,0.0075538043974,0.0112975074043,0.009788488635800001,-0.5510089421805968,5.876441000001419e-07,-1.636277540843998,9.417362199999873e-06,-2.188007191163497,2.2597527000005335e-06,-3.8235640238685926,1.942236850000032e-05,-2.7390161333440926,2.847396800001109e-06,-4.374572966049184,2.0010012600001764e-05,-0.0027653157616,0.0017884886358000007,0.0052975074043,0.0067538043974,-0.050340439920499996
0.0022352348691999,0.0026687317645,0.0090649869881,0.007572698398199899,0.0113002218572999,0.0098079332673998,-0.546539023072997,5.506307998999309e-07,-1.630949248999998,9.171684999999957e-06,-2.1698793810094967,2.163822200000262e-06,-3.8084375210729933,1.889400079989941e-05,-2.716418404082493,2.7144529999006267e-06,-4.354976544145984,1.944463159979891e-05,-0.0027647651308001,0.0018079332673997996,0.0053002218572999,0.006772698398199899,-0.0503312682355
0.0022357486528,0.0026776588752,0.0090670553105,0.0075910664032,0.011302803963299999,0.009826815055999999,-0.5420680395509971,5.137836000999006e-07,-1.625602858360298,8.927110700000102e-06,-2.151747338710897,2.068322399999961e-06,-3.793273756271593,1.8368005000100537e-05,-2.6938153782618928,2.5821060000985607e-06,-4.335341795822584,1.8881788600199137e-05,-0.0027642513472,0.0018268150559999988,0.005302803963299999,0.0067910664031999995,-0.050322341124799996
0.0022362258151999,0.0026863429119,0.0090690287189,0.007608911638999899,0.0113052545340999,0.0098451374541998,-0.5375960650829972,4.771623998999809e-07,-1.620238856573198,8.684036699999932e-06,-2.1336112546814974,1.9734084000001817e-06,-3.7780737782293934,1.784523579989941e-05,-2.671207319764493,2.4505707999014636e-06,-4.315669843312385,1.8322398199800694e-05,-0.0027637741848001002,0.0018451374541997995,0.0053052545340999,0.006808911638999899,-0.0503136570881
0.002236666641,0.0026947857630999,0.0090709079507,0.0076262381671998,0.011307574591699999,0.009862904808199801,-0.5331231726267973,4.4082580010016553e-07,-1.6148577278981981,8.44285119990006e-06,-2.115471318011897,1.8792317999991037e-06,-3.762838628423194,1.7326528199900285e-05,-2.648594490638693,2.320057600098402e-06,-4.295961801049986,1.7767354000001317e-05,-0.002763333359,0.0018629048081998008,0.005307574591699999,0.006826238167199799,-0.0503052142369001
0.0022370714715,0.0027029896948999,0.0090726938908,0.0076430508612998,0.011309765362299998,0.0098801223327998,-0.5286494345142974,4.0483049999978996e-07,-1.6094599524401982,8.203931800000036e-06,-2.0973277161703967,1.7859401000002578e-06,-3.7475693393946945,1.6812694100000296e-05,-2.625977150684693,2.190770599999614e-06,-4.276218773908987,1.7217524599998785e-05,-0.0027629285285000003,0.0018801223327997996,0.005309765362299998,0.0068430508612997995,-0.0502970103051001
0.0022374407035,0.0027109573401,0.0090743875671,0.0076593553837,0.0113118282706,0.0098967960872,-0.5241749223392973,3.6923200000000406e-07,-1.6040460054051981,7.967645200100161e-06,-2.079180634712497,1.6936763000009042e-06,-3.7322669331496945,1.6304522400200326e-05,-2.603355557051793,2.0629083000017756e-06,-4.256441855488987,1.667375440020033e-05,-0.0027625592965000003,0.0018967960872,0.0053118282706,0.0068593553837,-0.0502890426599
0.0022377747868,0.0027186916857,0.0090759901461,0.0076751581582,0.011313764932899999,0.009912932945,-0.5196997068489972,3.340832999999821e-07,-1.5986163563793983,7.7343455999997e-06,-2.061030256999297,1.602578999998841e-06,-3.716932419607794,1.580277449999938e-05,-2.5807299638482926,1.936662299998823e-06,-4.2366321264567866,1.6136857799999363e-05,-0.0027622252132000003,0.0019129329449999993,0.005313764932899999,0.006875158158199999,-0.0502813083143
0.0022380742231,0.0027261960599,0.0090775029274,0.0076904663429,0.0113155771505,0.009928540566,-0.5152238578390973,2.994363000000805e-07,-1.5931714686337983,7.50437420000017e-06,-2.042876763925797,1.512781300000779e-06,-3.701566795106694,1.530818470000042e-05,-2.5581006217648925,1.8122176000008594e-06,-4.216790652945786,1.56076210000005e-05,-0.0027619257769,0.0019285405659999998,0.0053155771505,0.0068904663429,-0.0502738039401
0.0022383395629999,0.0027334741186,0.0090789273384,0.0077052878001999,0.011317266901399899,0.0099436273631998,-0.5107474440529973,2.6533989990005363e-07,-1.5877117984552982,7.278058700000041e-06,-2.0247203336599973,1.4244109999995286e-06,-3.686171040963594,1.4821457299900136e-05,-2.5354677777129924,1.6897508998987149e-06,-4.196918485016586,1.508679719980019e-05,-0.0027616604370001,0.0019436273631998,0.0053172669013998985,0.0069052878001999,-0.0502665258814
0.0022385714044,0.0027405298303,0.0090802649288,0.0077196310649999995,0.0113188363332,0.0099582024694,-0.5062705330855974,2.3184140010004337e-07,-1.5822377945063983,7.055711699999884e-06,-2.006561141392797,1.3375904000002825e-06,-3.670746122098394,1.4343264800099377e-05,-2.5128316744783925,1.5694318001007596e-06,-4.177016655183986,1.4575106200200721e-05,-0.0027614285956,0.0019582024694000007,0.005318836333199999,0.006919631064999999,-0.0502594701697
0.0022387703900999,0.002747367461,0.0090815173642,0.0077335053120999,0.0113202877542999,0.009972275702199801,-0.5017931912910976,1.9898569990003945e-07,-1.5767498972150984,6.8376307000000275e-06,-1.9883993590997968,1.252435400000973e-06,-3.6552929857212937,1.3874247099900094e-05,-2.4901925503908924,1.4514210999010124e-06,-4.157086177012386,1.4073232799800134e-05,-0.0027612296099001,0.001972275702199801,0.0053202877542999,0.006933505312099899,-0.050252632538999996
0.0022389372051,0.0027539915579,0.0090826864203999,0.0077469203209,0.0113216236254999,0.009985857526,-0.49731548369589773,1.6681500009975425e-07,-1.5712485381961983,6.624096899999956e-06,-1.9702351553151973,1.1690561998994181e-06,-3.639812560088294,1.3415008800100534e-05,-2.4675506390110926,1.3358711999991724e-06,-4.137128043784187,1.3581823800198553e-05,-0.0027610627949000003,0.0019858575259999994,0.005321623625499899,0.0069469203209,-0.0502460084421
0.0022390776548,0.0027604069329999,0.0090837739762,0.0077598915207998005,0.011322851630999999,0.0099989691755998,-0.49283746883599777,1.4044970000036405e-07,-1.5657341397052984,6.415375099899992e-06,-1.9520686949185975,1.0875558000989632e-06,-3.624305748246594,1.2971199899800348e-05,-2.4449061637545926,1.2280055000993273e-06,-4.117143217082586,1.3111649599800712e-05,-0.0027609223452,0.0019989691755998,0.005322851630999999,0.0069598915207998,-0.0502395930670001
0.0022392014155,0.0027666186450999,0.0090847820069,0.0077724387056998,0.0113239834224,0.010011640121199799,-0.48835918976569775,1.2376069999982947e-07,-1.5602071141271985,6.2117120999999505e-06,-1.9339001389354975,1.0080307000000926e-06,-3.608773418020095,1.254718489999973e-05,-2.422259328701193,1.1317914000007895e-06,-4.097132607785787,1.2670945599998693e-05,-0.0027607985845,0.0020116401211997988,0.0053239834223999995,0.0069724387056998,-0.050233381354900096
0.0022393094496,0.0027726319826,0.0090857125776,0.007784573414799999,0.0113250220272,0.0100238828644,-0.48388067890059777,1.0803410000013308e-07,-1.5546678634994984,6.013337500099941e-06,-1.9157296443509975,9.305707000008268e-07,-3.5932164058995957,1.2134709100199148e-05,-2.3996103232515926,1.0386048000000925e-06,-4.0770970848001875,1.2242743200201883e-05,-0.0027606905504,0.0020238828644000006,0.0053250220272,0.006984573414799999,-0.0502273680174
0.0022394025854,0.0027784524444,0.0090865678354,0.0077963074742,0.0113259704208,0.0100357100596,-0.4794019668655978,9.313579999977242e-08,-1.5491167790724985,5.82046180000028e-06,-1.8975573639379975,8.552577999993566e-07,-3.577635525010595,1.1734059400000767e-05,-2.376959330803593,9.4839360000043e-07,-4.057037491876188,1.1827195199999238e-05,-0.0027605974146,0.0020357100596,0.0053259704208,0.0069963074742,-0.0502215475556
0.0022394816804,0.0027840857214,0.0090873500025,0.0078076531232,0.0113268316829,0.0100471348036,-0.47492308259979776,7.909500000010533e-08,-1.5435542409066982,5.633276999999874e-06,-1.8793834461000976,7.821671000000224e-07,-3.5620315644131955,1.1345648999999854e-05,-2.354306528699893,8.612620999992604e-07,-4.036954647012988,1.1424743999999959e-05,-0.0027605183196,0.0020471348036,0.005326831682899999,0.0070076531232,-0.0502159142786
0.0022395476179,0.0027895376769,0.0090880613683,0.007818622971699999,0.0113276089862,0.010058170589599999,-0.47044405330149786,6.593749999998788e-08,-1.5379806175083983,5.451955499999935e-06,-1.8612080347292976,7.113658000001272e-07,-3.546405288318295,1.0969848499998991e-05,-2.3316520880307934,7.77303300000115e-07,-4.016849341619787,1.1035785999998979e-05,-0.0027604523821,0.002058170589599999,0.0053276089861999994,0.007018622971699999,-0.050210462323099996
0.0022396013043,0.0027948143270999,0.009088704282,0.0078292299584998,0.011328305586299998,0.0100688312627998,-0.46596490437929783,5.3686400000065027e-08,-1.5323962655043983,5.276650199900236e-06,-1.8430312690789976,6.429136999996921e-07,-3.530757435388095,1.0606986799801404e-05,-2.3089961734582936,6.966000999988897e-07,-3.996722339767388,1.0660673199800602e-05,-0.0027603986957,0.0020688312627997994,0.005328305586299998,0.0070292299584998,-0.050205185672900096
0.002239643666,0.0027999218209,0.0090892811446,0.0078394873078,0.0113289248106,0.0100791309738,-0.46148565940899783,4.236169999982317e-08,-1.5268015293563983,5.107493800099623e-06,-1.8248532836523972,5.76862600000505e-07,-3.5150887181217954,1.0257349300199503e-05,-2.286338943061393,6.192243000007619e-07,-3.9765743775307882,1.029971100019976e-05,-0.0027603563340000002,0.002079130973799999,0.005328924810599999,0.0070394873077999996,-0.0502000781791
0.0022396756464,0.0028048664198,0.009089794401,0.007849408486,0.0113294700474,0.010089084132399999,-0.45700634009659785,3.198040000006175e-08,-1.5211967411156984,4.944598900000121e-06,-1.8066742081067972,5.132564000007861e-07,-3.4993998223279945,9.921178199999436e-06,-2.2636805482033933,5.452368000008478e-07,-3.9564061624245888,9.953158599999498e-06,-0.0027603243536,0.0020890841323999987,0.0053294700474,0.007049408485999999,-0.0501951335802
0.0022396982025,0.0028096544770999,0.0090902465321,0.0078590071566998,0.011329944734599999,0.0100987053591998,-0.4525269662476979,2.255609999994579e-08,-1.5155822202187985,4.7880572998999955e-06,-1.7884941671736974,4.5213109999865664e-07,-3.4836914066852955,9.598670699800804e-06,-2.2410211334213934,4.7468719999860243e-07,-3.936218372932989,9.62122679980075e-06,-0.0027603017975000002,0.0020987053591997994,0.0053299447345999985,0.0070590071566998,-0.050190345522900096
0.0022397123025,0.0028142924179,0.0090906400466,0.0078682971383,0.0113303523491,0.0101080094408,-0.44804755574269794,1.4100000000037693e-08,-1.5099582733237984,4.6379408001001945e-06,-1.7703132805949973,3.935145000012047e-07,-3.4679641023902956,9.28998160019956e-06,-2.2183608363376934,4.0761450000210975e-07,-3.916011658132989,9.304081600200464e-06,-0.0027602876975,0.0021080094408,0.005330352349100001,0.007068297138299999,-0.050185707582099996
0.0022397189218,0.0028187867176999,0.0090909774731,0.0078772923571998,0.0113306963949,0.010117011278999801,-0.443568124518398,6.619300000048484e-09,-1.5043251941881985,4.494299799900035e-06,-1.7521316630752974,3.3742649999980723e-07,-3.4522185128947953,8.995218899800553e-06,-2.195699787593693,3.4404579999855467e-07,-3.89578663741319,9.001838199801035e-06,-0.0027602810782,0.002117011278999801,0.005330696394899999,0.0070772923571998,-0.050181213282300095
0.0022397190406,0.0028231438821,0.0090912613517999,0.0078860068048,0.0113309803923999,0.0101257258454,-0.439088686555998,1.1880000021918802e-10,-1.4986832635883987,4.357164400099842e-06,-1.7339494242503977,2.838786998995285e-07,-3.4364552137327955,8.714447600199904e-06,-2.1730381108063934,2.8399749990061507e-07,-3.8755439002887897,8.714566400199256e-06,-0.0027602809594,0.0021257258454,0.0053309803923999,0.0070860068048,-0.0501768561179
0.0022397136403,0.0028273704259999,0.0090914942266,0.0078944544922998,0.011331207866899999,0.0101341681325998,-0.434609253875098,-5.400300000148878e-09,-1.4930327492802986,4.226543899899914e-06,-1.7157666686719977,2.328748000997305e-07,-3.420674752435696,8.447687499800113e-06,-2.1503759225470933,2.2747450009914794e-07,-3.8552840063107894,8.44228719979953e-06,-0.0027602863597,0.0021341681325997997,0.005331207866899999,0.0070944544922998,-0.0501726295740001
0.0022397037009,0.0028314728529,0.0090916786371,0.0079026494067,0.011331382338,0.0101423531076,-0.430129836533898,-9.939400000096021e-09,-1.4873739060013988,4.102426900100091e-06,-1.6975834958082978,1.8441050000060633e-07,-3.4048776485366954,8.194914400199219e-06,-2.1277133323421933,1.7447110000137767e-07,-3.8350074850705895,8.18497500019999e-06,-0.0027602962991,0.0021423531075999997,0.005331382338,0.007102649406699999,-0.050168527147099996
0.0022396901971,0.0028354576345,0.0090918171101,0.0079106054661,0.011331507307200001,0.010150295663199999,-0.4256504426358981,-1.3503800000078114e-08,-1.4817069755139987,3.984781599999845e-06,-1.6794000000610978,1.3847300000049967e-07,-3.3890643936638956,7.956059400000479e-06,-2.105050442696993,1.2496920000042155e-07,-3.8147148362997894,7.942555599998666e-06,-0.0027603098029000002,0.0021502956631999984,0.005331507307200001,0.0071106054661,-0.0501645423655
0.0022396740962,0.0028393311902,0.0090919121524,0.0079183364766,0.0113315862486,0.0101580105728,-0.42117107834259804,-1.610089999997885e-08,-1.4760321866892987,3.873555700000062e-06,-1.661216270798598,9.504229999887648e-08,-3.3732354517211953,7.731010500000579e-06,-2.082387349141193,7.894139999846395e-08,-3.7944065300637893,7.714909600001901e-06,-0.0027603259038000002,0.0021580105728000003,0.005331586248599999,0.0071183364766,-0.050160668809799996
0.0022396563544,0.0028430998674999,0.0090919662424,0.0079258560893998,0.0113316225968,0.0101655124437998,-0.4166917478919981,-1.7741800000057456e-08,-1.4703497556315988,3.7686772999001063e-06,-1.643032392403798,5.40899999998401e-08,-3.3573912591551953,7.519612799799721e-06,-2.059724140295793,3.6348200000216324e-08,-3.7740830070471896,7.501870999800098e-06,-0.0027603436456000003,0.0021655124437998004,0.0053316225967999994,0.0071258560893998,-0.0501569001325001
0.0022396379140999,0.0028467699217,0.0090919818226,0.0079331777574999,0.0113316197366999,0.0101728156715998,-0.4122124536234982,-1.8440300099831913e-08,-1.4646598858423987,3.670054200100026e-06,-1.6248484443387978,1.558019999993443e-08,-3.341532225308296,7.321668100098919e-06,-2.0370608979622933,-2.8601000994638026e-09,-3.753744678931789,7.3032277999995204e-06,-0.0027603620859001,0.0021728156715998,0.0053316197366999,0.007133177757499899,-0.0501532300783
0.0022396197008,0.0028503474968,0.0090919612923,0.0079403146944,0.011331580993099999,0.0101799343952,-0.40773319600859825,-1.8213299899944718e-08,-1.4589627684238988,3.5775751000000078e-06,-1.606664501223898,-2.0530299999974022e-08,-3.325658732856396,7.1369369001005045e-06,-2.0143976972324937,-3.874359990121978e-08,-3.7333919288649895,7.118723600199259e-06,-0.0027603802992,0.002179934395199999,0.005331580993099999,0.007140314694399999,-0.0501496525032
0.0022396026204,0.0028538386066,0.0090919069995,0.0079472798336,0.0113315096199,0.010186882453999999,-0.40325397368739824,-1.708040000018493e-08,-1.4532585823204989,3.491109799999819e-06,-1.5884806329320982,-5.429279999885628e-08,-3.309771138328396,6.965139199999887e-06,-1.9917346066194934,-7.137319999947489e-08,-3.7130251120157887,6.948058799999268e-06,-0.0027603973796000002,0.0021868824539999984,0.005331509619899999,0.007147279833599999,-0.0501461613934
0.0022395875565,0.0028572491158,0.00909182301,0.0079540857881,0.0113314105665,0.0101936733446,-0.3987747835104983,-1.506389999978569e-08,-1.4475474945980988,3.410509200000005e-06,-1.5702969029225984,-8.398950000071403e-08,-3.293869772706696,6.805954500000225e-06,-1.9690716864330933,-9.905339999963236e-08,-3.6926445562171892,6.790890600001306e-06,-0.0027604124435,0.0021936733445999997,0.0053314105665,0.0071540857880999995,-0.0501427508842
0.0022395753675,0.0028605847226,0.0090917363623999,0.0079607448127,0.0113313117298999,0.0102003201802,-0.3942956205864983,-1.2188999999867417e-08,-1.441829660759699,3.3356068000001474e-06,-1.5521133435501986,-8.664760010011763e-08,-3.2779549421058967,6.659024599999994e-06,-1.9464089641366933,-9.883660010041873e-08,-3.6722505626923887,6.6468355999996925e-06,-0.0027604246325,0.0022003201801999994,0.005331311729899899,0.0071607448126999994,-0.0501394152774
0.0022395668837,0.0028638509404,0.0090916571895,0.0079672687645,0.0113312240732,0.0102068356482,-0.38981647833529826,-8.483800000187725e-09,-1.436105225096699,3.2662177999998564e-06,-1.5339299499982986,-7.91728998993102e-08,-3.2620269285286962,6.523951799999525e-06,-1.9237464283335932,-8.765669989863056e-08,-3.651843406863989,6.515468000000205e-06,-0.0027604331163,0.0022068356481999996,0.005331224073200001,0.007167268764499999,-0.050136149059599996
0.0022395629056,0.0028670530818,0.0090915875657999,0.007973669069199999,0.0113311504713999,0.0102132319748,-0.3853373485459982,-3.978100000020385e-09,-1.430374321074499,3.202141400000108e-06,-1.5157467052429985,-6.962370010035746e-08,-3.2460859906949966,6.400304699999762e-06,-1.9010840537889933,-7.360180010081152e-08,-3.631423339240989,6.396326600001043e-06,-0.0027604370944,0.0022132319748000007,0.0053311504713999,0.007173669069199999,-0.0501329469182
0.0022395642004,0.0028701962418,0.0090915294807999,0.007979956683999999,0.0113310936811999,0.0102195208844,-0.3808582214399982,1.2947999998569326e-09,-1.424637071750899,3.1431599999999504e-06,-1.497563588196399,-5.80849999990557e-08,-3.2301323649417966,6.287614799999758e-06,-1.8784218096363934,-5.6790199999198765e-08,-3.6109905863817886,6.288909599999615e-06,-0.0027604357996000002,0.0022195208844000003,0.005331093681199901,0.0071799566839999985,-0.050129803758199996
0.0022395715006,0.0028732852824999,0.009091484833,0.0079861420655998,0.011331056333599999,0.0102257135661998,-0.37637908573899825,7.300200000059931e-09,-1.418893590226599,3.0890406999000038e-06,-1.4793805738825991,-4.4647799901653684e-08,-3.2141662661921973,6.185381599800935e-06,-1.8557596596215933,-3.734759990159375e-08,-3.5905453519311887,6.19268179979926e-06,-0.0027604284994,0.0022257135661997995,0.005331056333599999,0.007186142065599799,-0.0501267147175001
0.0022395855011999,0.0028763248184,0.0090914554243,0.0079922351379999,0.0113310409254999,0.0102318206391998,-0.37189992873719835,1.4000599899907651e-08,-1.4131439801256993,3.039535900100157e-06,-1.4611976336252992,-2.94086999995391e-08,-3.1981878889885973,6.093072400100222e-06,-1.8330975623624934,-1.540810009963145e-08,-3.5700878177257893,6.1070730000001294e-06,-0.0027604144988001003,0.0022318206391997997,0.005331040925499899,0.0071922351379999,-0.0501236751816
0.0022396068577,0.0028793192021999,0.0090914429541,0.0079982452620998,0.0113310498118,0.0102378521197998,-0.3674207363782985,2.135650010006221e-08,-1.4073883361050994,2.9943837998999343e-06,-1.4430147352468994,-1.247019999935095e-08,-3.1821974085884968,6.010124099899497e-06,-1.8104354716251936,8.886300100277578e-09,-3.54961814496679,6.03148060000086e-06,-0.0027603931423,0.0022378521197998005,0.0053310498118,0.007198245262099799,-0.0501206807978001
0.0022396361842,0.002882272512,0.009091449015,0.0080041812082,0.0113310851992,0.0102438173924,-0.36294149333639847,2.9326500000127764e-08,-1.4016267443908994,2.9533098001000534e-06,-1.4248318432777995,6.060899998897029e-09,-3.1661949821181974,5.9359461002002345e-06,-1.7877733366141935,3.5387399999892155e-08,-3.5291364754545897,5.965272600199495e-06,-0.0027603638158,0.0022438173924,0.0053310851991999995,0.007204181208199999,-0.050117727487999995
0.0022396740516,0.0028851885383,0.009091475087,0.0080100511282,0.011331149138600002,0.010249725179799999,-0.35846218310059846,3.7867399999957224e-08,-1.3958592833405996,2.9160262999998812e-06,-1.4066489191757996,2.607200000163956e-08,-3.1501807497817977,5.869920000000153e-06,-1.7651111022763935,6.393940000203047e-08,-3.508642932882389,5.9077873999988095e-06,-0.0027603259484,0.002249725179799999,0.005331149138600002,0.0072100511281999995,-0.0501148114617
0.0022397209856,0.0028880707734,0.0090915225336,0.0080158625324,0.0113312435192,0.010255583518,-0.3539827880633985,4.693399999981113e-08,-1.3900860240288995,2.882235099999856e-06,-1.3884659215551998,4.744659999958434e-08,-3.1341548361211977,5.811404199999523e-06,-1.7424487096185934,9.43805999985281e-08,-3.4881376241845894,5.8583382000002016e-06,-0.0027602790144000003,0.002255583517999999,0.0053312435192,0.007215862532399999,-0.0501119292266
0.0022397774655,0.0028909224001999,0.0090915925977,0.0080216222658998,0.0113313700632,0.0102613997313998,-0.3495032896122985,5.6479900000395294e-08,-1.3843070308552996,2.8516267999000727e-06,-1.3702828064238999,7.006409999919805e-08,-3.1181173513228977,5.759733499800107e-06,-1.7197860960361933,1.2654399999915966e-07,-3.46762064093519,5.816213399800069e-06,-0.0027602225345,0.002261399731399799,0.005331370063199999,0.007221622265899799,-0.0501090775998001
0.0022398439223,0.0028937462826999,0.0090916863976,0.0080273364876998,0.0113315303199,0.010267180409999799,-0.3450236682244985,6.645679999969095e-08,-1.3785223621723997,2.823882500000048e-06,-1.3520995274285998,9.379990000002447e-08,-3.1020683925692984,5.7142218000006545e-06,-1.6971231956530932,1.6025670000058279e-07,-3.44709206079379,5.780678599999478e-06,-0.0027601560777000002,0.0022671804099997986,0.0053315303199,0.0072273364876998,-0.0501062537173001
0.0022399207378,0.0028965449576999,0.0090918049238,0.0080330106531998,0.011331725661600001,0.010272931390999801,-0.34054390356439845,7.68155000003233e-08,-1.372732070932,2.7986749999999415e-06,-1.3339160361071998,1.1852620000057934e-07,-3.0860080454283985,5.674165499999773e-06,-1.6744599396715933,1.9534170000133633e-07,-3.426551948992791,5.750981000002264e-06,-0.0027600792622,0.002272931390999801,0.005331725661600001,0.0072330106531998,-0.0501034550423001
0.0022400082434,0.0028993520883,0.0090919490357999,0.00803871242,0.0113319572791999,0.0102787206634,-0.3360639745831984,8.75055999999784e-08,-1.366936173886,2.8071306001002487e-06,-1.3157322821475999,1.441119998994711e-07,-3.0699363223551988,5.701766800200042e-06,-1.6517962567307936,2.3161759989814845e-07,-3.406000296938391,5.7892724001987195e-06,-0.0027599917566,0.0022787206633999996,0.005331957279199899,0.00723871242,-0.0501006479117
0.0022401067187,0.0029023840041,0.0090921194599,0.008044874726899999,0.0113322261786,0.0102849814456,-0.3315838596210984,9.847529999990404e-08,-1.3611344377936,3.031915799999764e-06,-1.2975482136519,1.7042410009951436e-07,-3.0538527352082987,6.162306899998998e-06,-1.6291320732729937,2.6889940010071944e-07,-3.3854365948293914,6.260782200000203e-06,-0.0027598932813,0.0022849814455999998,0.0053322261786,0.007244874726899999,-0.0500976159959
0.002240216391,0.002905682619,0.0090923167866,0.008051581629,0.0113325331776,0.01029179802,-0.3271035365113984,1.0967229999983216e-07,-1.3553263711705001,3.2986148999999444e-06,-1.2793637774054,1.9732670000077723e-07,-3.037756278852399,6.706902100001022e-06,-1.6064673139167938,3.0699899999930835e-07,-3.3648598153637916,6.816574399999553e-06,-0.002759783609,0.0022917980199999993,0.005332533177599999,0.007251581629,-0.050094317381
0.0022403374349,0.0029092490938,0.0090925414692,0.0080588356225,0.011332878904099999,0.0102991730574,-0.3226229826854984,1.2104390000001672e-07,-1.3495114394577001,3.5664748000000836e-06,-1.2611789191496,2.246825999991514e-07,-3.0216458616008985,7.25399349999975e-06,-1.5838019018350937,3.457264999996018e-07,-3.3442688442863915,7.375037400000201e-06,-0.0027596625651,0.0022991730573999995,0.005332878904099999,0.007258835622499999,-0.0500907509062
0.002240469971,0.0029130842346,0.009092793822,0.008066638440199999,0.011333263792999999,0.0103071084112,-0.3181421752795984,1.325361000002398e-07,-1.3436891061293001,3.835140799999907e-06,-1.2429935838583999,2.523528000002162e-07,-3.005520387538198,7.802817699999187e-06,-1.5611357591379935,3.8488889999958864e-07,-3.323662562817791,7.935353800000294e-06,-0.002759530029,0.0023071084112,0.0053332637929999985,0.007266638440199999,-0.050086915765399996
0.0022406140660999,0.0029171884894,0.0090930740199,0.0080749910448999,0.0113336880859999,0.0103156051109998,-0.3136610912424985,1.440950998998422e-07,-1.3378588334053,4.1042548000001094e-06,-1.2248077160165,2.8019790000027855e-07,-2.989378758053098,8.352604699900928e-06,-1.5384688072589938,4.242929999009881e-07,-3.3030398492955917,8.496699799799903e-06,-0.0027593859339001,0.0023156051109997997,0.0053336880859998995,0.0072749910448998995,-0.0500828115106
0.002240769733,0.0029215619473,0.0090933820972999,0.008083893627600001,0.011334151830299899,0.0103246633606,-0.3091797074433987,1.5566690010019452e-07,-1.3320200829686,4.373457900000259e-06,-1.2066212598993,3.0807739989993643e-07,-2.9732198733805983,8.90258270010158e-06,-1.5158009673426942,4.637442999992636e-07,-3.2823995808239923,9.058249600200907e-06,-0.002759230267,0.0023246633606000006,0.005334151830299899,0.007283893627600001,-0.0500784380527
0.0022409369301999,0.0029262043381,0.0090937179484,0.0080933456063999,0.0113346548785999,0.0103342825365998,-0.30469800078019876,1.671971998997747e-07,-1.3261723166832,4.642390800000014e-06,-1.1884341598536001,3.358511001007314e-07,-2.9570426341465987,9.451978799899369e-06,-1.4931321606337944,5.030483000018071e-07,-3.2617406349267926,9.61917599979871e-06,-0.0027590630698001,0.0023342825365997993,0.005334654878599901,0.0072933456063999005,-0.0500737956619
0.0022411155621,0.0029311150328,0.0090940813274,0.0081033456277,0.0113351968895,0.0103444611898,-0.3002159482878988,1.7863190009993757e-07,-1.3203149973123,4.91069469999968e-06,-1.1702463605778,3.6337899999953904e-07,-2.9408459429124987,1.000002130009843e-05,-1.4704623088656943,5.420109000994766e-07,-3.241061891200393,1.0178653200200102e-05,-0.0027588844379,0.0023444611897999994,0.0053351968895,0.007303345627699999,-0.0500688849672
0.0022413054793,0.0029362930462,0.0090944718488999,0.0081138915717,0.0113357773281999,0.010355197051,-0.2957335272464988,1.8991720000024331e-07,-1.3144475892332999,5.178013400000073e-06,-1.1520578074015002,3.905214998999734e-07,-2.924628705713099,1.054594400000039e-05,-1.4477913346479943,5.804386998993494e-07,-3.220362232959593,1.0735861199999766e-05,-0.0027586945207,0.002355197050999999,0.005335777328199899,0.007313891571699999,-0.0500637069538
0.0022415064792,0.0029417370388,0.0090948889897,0.008124980556799999,0.0113363954689,0.010366487035999999,-0.2912507152879988,2.0099989999971743e-07,-1.3085695591483,5.4439925999999646e-06,-1.1338684465629,4.1714080009983e-07,-2.908389833584599,1.1088985099999213e-05,-1.4251191618508943,6.181407000999811e-07,-3.199640548872593,1.1289984999999364e-05,-0.0027584935208000002,0.0023664870359999986,0.005336395468899999,0.0073249805567999985,-0.0500582629612
0.0022417183064,0.0029474453216,0.0090953320899,0.0081366089496,0.011337050396300001,0.010378327256,-0.2867674905023988,2.118272000002988e-07,-1.3026803767879,5.7082828000000994e-06,-1.1156782254833002,4.4310020000035144e-07,-2.8921282440781986,1.1628392800000498e-05,-1.4024457159856942,6.549274000015176e-07,-3.178895734580593,1.1840220000001664e-05,-0.0027582816936,0.0023783272560000002,0.005337050396300001,0.007336608949599999,-0.0500525546784
0.0022419406534,0.002953415861,0.009095800355,0.0081487723754,0.0113377410084,0.0103907130288,-0.2822838315425988,2.2234699999972365e-07,-1.2967795156053,5.9705394000000335e-06,-1.0974870930384002,4.682650999992405e-07,-2.8758428627531987,1.2163425800000224e-05,-1.3797709245809942,6.906120999985305e-07,-3.1581266942957926,1.2385772799999514e-05,-0.0027580593466,0.0023907130287999998,0.0053377410083999995,0.007348772375399999,-0.050046584139
0.0022421731617,0.0029596462845999,0.0090962928581,0.008161465730899799,0.0113384660198,0.0104036388925998,-0.2777997177274988,2.3250829999993047e-07,-1.2908664534597,6.230423599899813e-06,-1.0792949998253,4.925031000004021e-07,-2.859532624646899,1.2693355499799122e-05,-1.3570947175527943,7.250114000007662e-07,-3.137332342374393,1.2925863799799486e-05,-0.0027578268383000003,0.0024036388925997992,0.0053384660198,0.007361465730899798,-0.050040353715400096
0.0022424154229,0.0029661338883,0.009096808543,0.0081746831995,0.011339223965900001,0.0104170986224,-0.27331512914289874,2.422612000001212e-07,-1.2849406732868,6.487603700100226e-06,-1.0611018984242,5.156849000008401e-07,-2.843196475716499,1.321746860020144e-05,-1.3344170275670941,7.579461000009613e-07,-3.116511604859393,1.3459729800199827e-05,-0.0027575845771,0.002417098622399999,0.005339223965900001,0.0073746831995,-0.0500338661117
0.0022426669798,0.0029728756448,0.0090973462272,0.0081884182694,0.011340013207,0.0104310852492,-0.2688300467401987,2.515569000002306e-07,-1.2790016637537003,6.741756500000008e-06,-1.0429077436540002,5.376841999988474e-07,-2.826833374247599,1.3735069899999813e-05,-1.311737790394194,7.892410999986443e-07,-3.095663420987793,1.3986626800001345e-05,-0.0027573330202,0.0024310852492000004,0.005340013207,0.0073884182694,-0.0500271243552
0.0022429273278,0.0029798682122,0.0090979046055,0.008202663752199999,0.011340831933299999,0.01044559108,-0.2643444524325987,2.6034799999966746e-07,-1.2730489198967,6.99256739999975e-06,-1.0247124928213003,5.583783000001619e-07,-2.810442292225999,1.4245482799999168e-05,-1.2890569452538938,8.18726299998962e-07,-3.074786744658593,1.4505830799999703e-05,-0.0027570726722000003,0.00244559108,0.005340831933299999,0.007402663752199999,-0.0500201317878
0.0022431959163,0.0029871079443,0.0090984822536,0.0082174118049,0.011341678169900001,0.0104606077212,-0.25985832918849866,2.685885000003503e-07,-1.2670819437402001,7.2397321000000105e-06,-1.0065161059622003,5.776481000006189e-07,-2.794022216668899,1.4748052700000805e-05,-1.2663744351506936,8.462366000022703e-07,-3.053880545857393,1.5016641199998987e-05,-0.0027568040837,0.002460607721199999,0.005341678169900001,0.0074174118049,-0.050012892055699996
0.0022434721505,0.0029945909015,0.0090990776331,0.0082326539535,0.0113425497836,0.010476126104,-0.2553716611216986,2.762341999996802e-07,-1.2611002448944002,7.482957200000313e-06,-0.9883185460755002,5.953794999999373e-07,-2.777572150910499,1.524214860000074e-05,-1.2436902071971938,8.716136999983165e-07,-3.032943812032193,1.5518382800000854e-05,-0.0027565278495000002,0.002476126104,0.005342549783599999,0.0074326539535,-0.0500054090985
0.0022437553934,0.0030023128625,0.0090996890954,0.0082483811184,0.0113434444888,0.0104921365118,-0.2508844335777986,2.832429000002544e-07,-1.2551033411304,7.72196099999966e-06,-0.970119779347,6.114622999996849e-07,-2.761091115838599,1.5727164900000007e-05,-1.221004212924794,8.94705200000373e-07,-3.011975549416393,1.6010407800000695e-05,-0.0027562446066,0.0024921365118000006,0.0053434444888,0.0074483811184,-0.049997687137499996
0.0022440449671999,0.0030102693371999,0.0091003148871,0.0082645836415997,0.0113443598542999,0.0105086286087996,-0.24639663321719868,2.895737999000607e-07,-1.2490907589307003,7.956474699899983e-06,-0.9519197753645001,6.257916999995866e-07,-2.7445781510785996,1.6202523199698726e-05,-1.198316408581694,9.15365499900081e-07,-2.990974784295794,1.649209699959922e-05,-0.0027559550328001,0.0025086286087996,0.0053443598542999,0.007464583641599699,-0.049989730662800096
0.0022443401556,0.00301845558,0.0091009531552,0.008281251315600001,0.0113452933108,0.0105255914712,-0.24190824809439876,2.951884000997572e-07,-1.2430620340135003,8.186242800100208e-06,-0.9337185073222003,6.382681000012547e-07,-2.7280323161214,1.6667674000301475e-05,-1.1756267554165942,9.334565000997108e-07,-2.9699405642157943,1.696286240039993e-05,-0.0027556598444,0.0025255914712,0.0053452933107999995,0.0074812513156000005,-0.049981544419999996
0.0022446402063,0.0030268666044,0.0091016019525,0.0082983734151,0.0113462421588,0.010543013621400001,-0.23741926773249877,3.000507000001408e-07,-1.2370167118291004,8.411024400000085e-06,-0.9155159522145004,6.487972999992542e-07,-2.7114526913906998,1.7122099499999877e-05,-1.1529352199469942,9.48848000000696e-07,-2.9488719591231947,1.742215020000132e-05,-0.0027553597937,0.002543013621400001,0.0053462421588,0.0074983734151,-0.0499731333956
0.0022449443327,0.003035497198,0.009102259244,0.0083159387287,0.0113472035767,0.0105608830614,-0.23292968319349877,3.0412639999985794e-07,-1.2309543480267005,8.630593599999806e-06,-0.8973120910180006,6.572915000006146e-07,-2.6948383792468995,1.7565313599999036e-05,-1.130241774211494,9.61417900000039e-07,-2.927768062440395,1.786943999999846e-05,-0.0027550556673,0.0025608830613999996,0.0053472035767,0.007515938728699999,-0.049964502802
0.0022452517166,0.0030443419380999,0.0091029229125,0.0083339355927998,0.0113481746291,0.010579187309399801,-0.22843948714419876,3.073839000000689e-07,-1.2248745088906006,8.844740099900241e-06,-0.8791069088615007,6.636684999998532e-07,-2.6781885049253997,1.7996864099799684e-05,-1.1075463960056942,9.71052399999922e-07,-2.906627992069595,1.8304247999801487e-05,-0.0027547482834,0.002579187309399801,0.0053481746291,0.007533935592799799,-0.049955658061900096
0.0022455615106,0.0030533952083,0.0091035907657,0.0083523519272,0.0113491522763,0.0105979134378,-0.2239486739169988,3.0979399999984947e-07,-1.2187767717442006,9.053270200099894e-06,-0.8609003951833007,6.678531999995685e-07,-2.6615022174054,1.8416334400200504e-05,-1.0848490691002943,9.77647199999418e-07,-2.885450891322395,1.872612840019862e-05,-0.0027544384894000002,0.0025979134377999997,0.0053491522763,0.0075523519272,-0.049946604791699996
0.0022458728409,0.0030626512156999,0.009104260542,0.008371175272299799,0.0113501333829,0.0106170481131998,-0.21945723956549884,3.113303000002593e-07,-1.2126607253202006,9.256007399899725e-06,-0.8426925438756006,6.69776299999994e-07,-2.6447786902059,1.882334509979884e-05,-1.0621497834410945,9.811066000002533e-07,-2.8642359297713957,1.9134675399800835e-05,-0.0027541271591,0.0026170481131998005,0.0053501333829,0.0075711752722997985,-0.0499373487843001
0.0022461848096,0.0030721040083,0.0091049299185,0.0083903928262,0.0113511147281,0.0106365776358,-0.2149651819149988,3.1196869999979004e-07,-1.2065259700962008,9.452792600100207e-06,-0.8244833534151004,6.693764999995966e-07,-2.6280171221074005,1.921755390020194e-05,-1.0394485353300946,9.813451999993866e-07,-2.842982304022396,1.9529522600199994e-05,-0.0027538151904,0.0026365776358000005,0.005351114728099999,0.0075903928262,-0.0499278959917
0.0022464964977,0.0030817474936,0.0091055965172,0.0084099914849,0.0113520930149,0.0106564879826,-0.2104725006076988,3.1168809999995717e-07,-1.2003721185943008,9.64348529999999e-06,-0.8062728269794002,6.665987000008949e-07,-2.6112167377963003,1.9598658699999938e-05,-1.0167453275870948,9.782868000008521e-07,-2.821689238403996,1.9910346799999895e-05,-0.0027535035023000002,0.0026564879826000004,0.0053520930149,0.0076099914849,-0.0499182525064
0.0022468069679,0.0030915754566,0.0091062579127,0.0084299578811,0.0113530648806,0.010676764849,-0.20597919714209878,3.1047019999992306e-07,-1.194198795644101,9.827963000000068e-06,-0.7880609725495,6.613954999998284e-07,-2.5943767884303,1.9966396199999625e-05,-0.9940401696915946,9.718657000001851e-07,-2.8003559855723967,2.0276866399999982e-05,-0.0027531930321000003,0.0026767648490000004,0.0053530648806,0.0076299578811,-0.0499084245434
0.0022471152675,0.0031015815798,0.0091069116399,0.0084502784271,0.0113540269074,0.0106973936946,-0.20148527490669882,3.082996000002697e-07,-1.188005638607701,1.0006123200000019e-05,-0.7698478029969,6.537271999996347e-07,-2.5774965521221,2.032054599999944e-05,-0.9713330779035947,9.620267999999044e-07,-2.778981827028797,2.062884559999971e-05,-0.0027528847325,0.0026973936946,0.0053540269074,0.007650278427099999,-0.0498984184202
0.0022474204311999,0.0031117594618,0.0091075552012999,0.0084709393547999,0.0113549756324998,0.0107183597859998,-0.19699073920799892,3.05163699899913e-07,-1.1817922975661008,1.0177882000000048e-05,-0.7516333361557002,6.435613999003498e-07,-2.5605753343402,2.066092769990001e-05,-0.948624075363695,9.487250998002628e-07,-2.757566073548197,2.096609139979992e-05,-0.0027525795688001,0.0027183597859998,0.0053549756324998005,0.007670939354799899,-0.0498882405382
0.0022477214841,0.0031221026379,0.0091081860747,0.008491926759900001,0.011355907558800001,0.010739648244,-0.19249559729269905,3.010529000999594e-07,-1.1755584354664008,1.0343176099999931e-05,-0.7334175948797002,6.308734001002347e-07,-2.5436124682254997,2.0987405100101122e-05,-0.9259131921723953,9.319263002006278e-07,-2.736108065518197,2.128845800019978e-05,-0.0027522785159,0.002739648244,0.005355907558800001,0.0076919267599000005,-0.0498778973621
0.0022480174452,0.0031326045994,0.0091088017216,0.008513226644,0.0113568191668,0.0107612440892,-0.187999858363399,2.9596109999991543e-07,-1.1693037282291008,1.0501961499999844e-05,-0.7152006070834003,6.156468999995307e-07,-2.5266073148215997,2.1299884099998737e-05,-0.9032004654467953,9.116079999985788e-07,-2.7146071731849966,2.159584519999952e-05,-0.0027519825548000003,0.0027612440891999993,0.0053568191668,0.007713226643999999,-0.0498673954006
0.0022483073296,0.0031432588145,0.0091093995942999,0.0085348249586,0.0113577069238999,0.0107831322882,-0.183503533588599,2.8988439999995397e-07,-1.1630278648152008,1.065421510000001e-05,-0.6969824057675003,5.978726998999428e-07,-2.509559263219,2.1598314599999974e-05,-0.8804859393560955,8.877570998998968e-07,-2.693062796807596,2.1888198999999928e-05,-0.0027516926704000003,0.0027831322881999992,0.0053577069238999,0.007734824958599999,-0.0498567411855
0.0022485901526,0.0031540587487,0.0091099771449,0.00855670765,0.0113585672975,0.010805297802599999,-0.17900663610639905,2.828230000000674e-07,-1.1567305472520006,1.0799934200000048e-05,-0.6787630290283002,5.775506001001046e-07,-2.4924677306103997,2.1882691400000598e-05,-0.8577696651346955,8.603736001006057e-07,-2.6714743667167964,2.2165514399999364e-05,-0.0027514098474000002,0.0028052978025999986,0.0053585672975,0.00775670765,-0.0498459412513
0.0022488649318,0.003164997885,0.0091105318326,0.0085788607018,0.011359396764399999,0.0108277256336,-0.17450918102199908,2.7477920000028994e-07,-1.1504114906183007,1.0939136300000107e-05,-0.6605425200508004,5.546876999992095e-07,-2.4753321622585998,2.2153051800000503e-05,-0.8350517010727956,8.294668999986321e-07,-2.6498413432805963,2.242783100000166e-05,-0.0027511350682,0.0028277256336000003,0.005359396764399999,0.0077788607018,-0.049835002115
0.0022491306912,0.0031760697446999,0.0091110611321,0.0086012701805998,0.0113601918233,0.010850400871799799,-0.17001118539899907,2.657593999996419e-07,-1.1440704229886007,1.1071859699899895e-05,-0.6423209270861003,5.29299500000302e-07,-2.4581520313762,2.240947879979943e-05,-0.8123321124850957,7.950589000008113e-07,-2.6281632167751967,2.2675238199798206e-05,-0.0027508693088000003,0.0028504008717997985,0.0053601918233,0.0078012701805998,-0.049823930255300096
0.0022493864636,0.0031872679083,0.0091115625417,0.0086239222802,0.011360949005299999,0.010873308743799999,-0.16551266824419908,2.55772400000083e-07,-1.137707085335601,1.1198163600100071e-05,-0.6240983034123002,5.014095999997248e-07,-2.4409268389154,2.2652099600199357e-05,-0.7896109716564959,7.571819999989404e-07,-2.606439507159597,2.2907872000200308e-05,-0.0027506135364,0.002873308743799999,0.0053609490052999986,0.0078239222802,-0.0498127320917
0.0022496312938,0.0031985860354,0.0091120335911,0.008646803364600001,0.011361664884900001,0.010896434658400001,-0.16101365048679905,2.448302000002643e-07,-1.131321231391901,1.1318127099999974e-05,-0.6058747072795003,4.7104940000160245e-07,-2.4236561132706,2.2881084400001514e-05,-0.7668883577662959,7.158796000023004e-07,-2.584669763757397,2.3125914600002212e-05,-0.0027503687062,0.002896434658400001,0.005361664884900001,0.0078468033646,-0.0498014139646
0.0022498642422,0.0032100178858,0.0091124718497999,0.0086699000138,0.0113623360919999,0.010919764256000001,-0.156514154950799,2.3294839999977654e-07,-1.1249126274707009,1.14318504000001e-05,-0.5876502018386005,4.382586998984833e-07,-2.4063394098921997,2.309664919999954e-05,-0.7441643567893963,6.712070998986935e-07,-2.562853564842997,2.3329597599999752e-05,-0.0027501357578,0.0029197642560000008,0.0053623360919998996,0.0078699000138,-0.0497899821142
0.0022500843873,0.0032215573394,0.0091128749348,0.008693199066100001,0.0113629593221,0.0109432834534,-0.15201420632129897,2.2014510000015197e-07,-1.1184810522455009,1.153945360000009e-05,-0.5694248550540004,4.0308500010022286e-07,-2.3889763108123,2.329905230000033e-05,-0.7214390613752966,6.232301001003748e-07,-2.5409905171335962,2.3519197399998748e-05,-0.0027499156127,0.0029432834533999995,0.0053629593221,0.0078931990661,-0.0497784426606
0.0022502908288,0.0032331984161,0.0091132405184,0.008716687661,0.0113635313472,0.0109669784898,-0.147513831105199,2.0644149999974465e-07,-1.1120262964900007,1.1641076699999819e-05,-0.5511987396008002,3.655836000003576e-07,-2.3715664240851995,2.3488594899999382e-05,-0.6987125707059962,5.720250999992349e-07,-2.5190802551903966,2.3695036399999994e-05,-0.0027497091712000003,0.0029669784897999995,0.005363531347199999,0.007916687661,-0.0497668015839
0.0022504826911,0.0032449352958,0.0091135663361,0.0087403532827,0.0113640490272,0.0109908359738,-0.14301305758529897,1.9186230000014723e-07,-1.1055481627781008,1.1736879699999949e-05,-0.5329719327463003,3.25817700000397e-07,-2.354109383141499,2.366562169999961e-05,-0.6759849903315964,5.176800000009779e-07,-2.497122440726797,2.3857484000000193e-05,-0.0027495173089,0.0029908359737999997,0.0053640490272,0.0079403532827,-0.0497550647042
0.0022506591254,0.0032567623378,0.0091138501941,0.008764183801,0.0113645093195,0.0110148429264,-0.138511915768799,1.764343000002118e-07,-1.0990464651445009,1.182704200000011e-05,-0.5147445162161002,2.838579999994012e-07,-2.3366048460577993,2.3830518300000866e-05,-0.6532564319848961,4.602922999991793e-07,-2.475116761826597,2.4006952600000644e-05,-0.0027493408746,0.0030148429264000003,0.005364509319499999,0.007964183801,-0.0497432376622
0.0022508193135,0.0032686740995,0.0091140899769,0.0087881675125,0.0113649092904,0.011038986826,-0.13401043732989903,1.601880999999028e-07,-1.092521028707201,1.1911761699999815e-05,-0.4965165760451,2.397828000010038e-07,-2.3190524947442994,2.3983711499999533e-05,-0.6305270133749965,3.999709000009066e-07,-2.453062932074197,2.4143899599999435e-05,-0.0027491806865,0.0030389868259999998,0.0053649092904,0.0079881675125,-0.0497313259005
0.0022509624699,0.0032806653551,0.0091142836544,0.0088122931801,0.0113652461243,0.01106325565,-0.12950865554649899,1.4315639999991359e-07,-1.0859716892526008,1.1991255600000191e-05,-0.4782882024138002,1.9367749999957273e-07,-2.3014520340516995,2.412566759999943e-05,-0.6077968579602966,3.368338999994863e-07,-2.430960689598197,2.4268823999999342e-05,-0.0027490375301,0.003063255649999999,0.0053652461243,0.0080122931801,-0.0497193346449
0.0022510878446999,0.003292731114,0.0091144292891,0.0088365500726999,0.0113655171337999,0.0110876379173998,-0.1250066052318991,1.2537479990000835e-07,-1.0793982927835006,1.2065758900000039e-05,-0.46005948947030006,1.4563469999916145e-07,-2.2838031907988996,2.425689259990052e-05,-0.5850660947021971,2.7100949990047085e-07,-2.408809796030797,2.4382267399800095e-05,-0.0027489121553001,0.003087637917399799,0.0053655171337999,0.0080365500726999,-0.049707268886
0.0022511947266,0.0033048666378,0.009114525043,0.0088609280022,0.0113657197696,0.0111121227288,-0.12050432266059918,1.0688190009997336e-07,-1.0728006950317008,1.2135523799999826e-05,-0.4418305351381999,9.575390000002293e-08,-2.266105712724,2.437792950009919e-05,-0.5623348577987968,2.026358000995626e-07,-2.3866100353845976,2.4484811400200465e-05,-0.0027488052734,0.0031121227287999997,0.0053657197696,0.008060928002199999,-0.0496951333622
0.0022512824451,0.0033170674572,0.0091145691841,0.0088854173595,0.0113658516292,0.011136699804600001,-0.11600184548889919,8.771850000012515e-08,-1.0661787609367008,1.220081940000008e-05,-0.42360144091109997,4.414110000086624e-08,-2.2483593673623,2.4489357300001152e-05,-0.5396032863999971,1.318596000009914e-07,-2.3643612128511973,2.4577075800001277e-05,-0.0027487175549,0.003136699804600001,0.005365851629200001,0.0080854173595,-0.0496829325428
0.002251350373,0.0033293293888,0.0091145600931,0.0089100091506,0.0113659104661,0.0111613595236,-0.11149921267079921,6.792789999975415e-08,-1.0595323640907008,1.226193159999979e-05,-0.40537231163389986,-9.090999999669669e-09,-2.2305639408522,2.45917910999989e-05,-0.5168715243046971,5.8836899999650805e-08,-2.3420631535229974,2.465971899999822e-05,-0.0027486496270000002,0.003161359523599999,0.0053659104661,0.008110009150599999,-0.0496706706112
0.0022513979289,0.0033416485504,0.0091144962691,0.008934695029699999,0.011365894198,0.0111860929586,-0.1069964643688992,4.7555900000058327e-08,-1.0528613861515008,1.2319161600000093e-05,-0.3871432552716998,-6.382399999997623e-08,-2.2127192366718997,2.4685879099999378e-05,-0.494139719640597,-1.6268100000785268e-08,-2.3197157010407974,2.4733435000000303e-05,-0.0027486020711,0.0031860929585999995,0.005365894198,0.008134695029699998,-0.0496583514496
0.0022514245795,0.0033540213756,0.0091143763359,0.0089594673307,0.0113658009154,0.0112108919102,-0.1024936418604992,2.6650600000281688e-08,-1.0461657162255007,1.237282519999999e-05,-0.3689143826666996,-1.1993320000146246e-07,-2.1948250743115,2.4772301000001995e-05,-0.471408024527197,-9.328260000031341e-08,-2.2973187161719975,2.4798951599999675e-05,-0.0027485754205,0.003210891910199999,0.005365800915399999,0.0081594673307,-0.0496459786244
0.0022514298415,0.0033664446281999,0.0091141990472999,0.0089843190978998,0.011365628888799901,0.011235748939399801,-0.09799078743949924,5.261999999790767e-09,-1.0394452502217006,1.242325259990032e-05,-0.3506858072834995,-1.7728860009919023e-07,-2.1768812878829005,2.4851767199799563e-05,-0.44867659472299737,-1.720266000985321e-07,-2.2748720753223974,2.4857029199801955e-05,-0.0027485701585,0.003235748939399801,0.005365628888799901,0.0081843190978998,-0.0496335553718001
0.002251413284,0.0033789154155,0.0091139632923,0.009009244115,0.011365376576299999,0.011260657399,-0.0934879443139992,-1.6557499999975828e-08,-1.032699890178001,1.2470787300099782e-05,-0.3324576449438994,-2.3575499990061144e-07,-2.1588877246700005,2.4925017100200023e-05,-0.4259455892578976,-2.523124999018883e-07,-2.2523756689839978,2.4908459600198746e-05,-0.002748586716,0.003260657399,0.005365376576299999,0.008209244115,-0.0496210845845
0.0022513745298,0.0033914312005,0.0091136681002,0.0090342369308,0.011365042629999999,0.0112856114606,-0.08898515650019923,-3.87542000001434e-08,-1.025929543562001,1.2515785000000168e-05,-0.31423001355139957,-2.9519209999995244e-07,-2.1408442436242003,2.4992815800000193e-05,-0.40321517005159757,-3.3394630000009584e-07,-2.229829400124398,2.495406160000005e-05,-0.0027486254702000002,0.0032856114606,0.005365042629999999,0.0082342369308,-0.0496085687995
0.0022513132579,0.0034039898136,0.0091133126447,0.0090592928851,0.0113646259026,0.011310606143,-0.08448246871249926,-6.127189999989568e-08,-1.019134122547901,1.2558613099999776e-05,-0.29600303280649976,-3.5545549999932424e-07,-2.1227507138083004,2.5055954299999655e-05,-0.3804855015189976,-4.1672739999921993e-07,-2.2072331825207985,2.499468239999976e-05,-0.0027486867421,0.0033106061429999997,0.0053646259025999996,0.0082592928851,-0.049596010186399996
0.0022512292045,0.0034165894632,0.0091128962489,0.0090844081309,0.0113641254534,0.011335637335399999,-0.07997992625009931,-8.405340000015513e-08,-1.012313543271101,1.259964959999995e-05,-0.27777682391289993,-4.163958000000245e-07,-2.1046070127923002,2.511524579999931e-05,-0.35775675016299724,-5.004491999988786e-07,-2.1845869390423984,2.5031192399998722e-05,-0.0027487707955000003,0.0033356373353999984,0.005364125453400001,0.0082844081309,-0.0495834105368
0.0022511221646999,0.0034292287453,0.0091124183882999,0.0091095796552999,0.0113635405529998,0.0113607018199998,-0.0754775748808994,-1.0703980009990621e-07,-1.005467725062601,1.2639282100000097e-05,-0.2595515092756999,-4.778606001003272e-07,-2.0864130250061006,2.5171524399901155e-05,-0.33502908415659727,-5.849004002002334e-07,-2.1618905998869984,2.506448459980125e-05,-0.0027488778353001,0.0033607018199997996,0.0053635405529998004,0.0083095796552999,-0.0495707712547
0.0022509919942,0.0034419066523,0.0091118786947,0.0091348052988,0.0113628706889,0.011385797292999999,-0.0709754607219995,-1.3017049989988427e-07,-0.998596589665001,1.2677906999999846e-05,-0.24132721219269992,-5.396935999005259e-07,-2.0681686400520007,2.522564350009894e-05,-0.3123026729146976,-6.698640998004102e-07,-2.139144100773999,2.5095473000199056e-05,-0.0027490080058,0.0033857972929999987,0.0053628706889,0.0083348052988,-0.0495580933477
0.0022508386097,0.0034546225808,0.0091112769594,0.0091600837713,0.0113621155691,0.011410922381,-0.06647363011809954,-1.533845000001137e-07,-0.9917000604319011,1.2715928500000358e-05,-0.22310405653859977,-6.017352999990871e-07,-2.0498737509819005,2.5278472500001037e-05,-0.2895776866566977,-7.551197999996345e-07,-2.116347381099999,2.512508800000049e-05,-0.0027491613903,0.003410922380999999,0.0053621155691,0.0083600837713,-0.049545377419199996
0.0022506619906999,0.0034673763378,0.0091106131354,0.0091854146662999,0.0113612751260999,0.0114360766569998,-0.06197212951769965,-1.7661900010004436e-07,-0.984778061513301,1.2753756999999907e-05,-0.20488216644379964,-6.638239999998824e-07,-2.031528252544301,2.5330894999899337e-05,-0.2668542959614979,-8.404430001003604e-07,-2.0935003820619986,2.5154275999800593e-05,-0.0027493380093001002,0.0034360766569997998,0.0053612751260999,0.0083854146662999,-0.0495326236622
0.0022504621798,0.003480168147,0.00910988734,0.0092107984738,0.011360349519799999,0.0114612606536,-0.05747100534719973,-1.9981089989995135e-07,-0.977830517028501,1.279180919999982e-05,-0.1866616659683995,-7.25795400001103e-07,-2.0131320394042005,2.5383807500100122e-05,-0.2441326713155978,-9.25606299901488e-07,-2.0706030447513992,2.5183996600199737e-05,-0.0027495378202,0.0034612606535999995,0.0053603495197999985,0.0084107984738,-0.049519831853
0.0022502392838,0.0034929986530999,0.0091090998564,0.009236236589999799,0.0113593391402,0.0114864758737998,-0.05297030388359969,-2.2289600000013204e-07,-0.9708573502284011,1.2830506099899969e-05,-0.16844267877199948,-7.874835999989449e-07,-1.9946850043404007,2.5438116199798938e-05,-0.22141298265559817,-1.0103795999982096e-06,-2.047655308223999,2.5215220199799673e-05,-0.0027497607162000003,0.003486475873799799,0.0053593391402,0.008436236589999799,-0.0495070013469001
0.0022499934740999,0.0035058689250999,0.0091082511355,0.0092617313242997,0.0113582446095999,0.0115117247983996,-0.04847007112569984,-2.458097000997833e-07,-0.9638584826502014,1.287027200000011e-05,-0.15022532778009956,-8.487209000006268e-07,-1.9761870364261012,2.5494734299901303e-05,-0.19869539890579846,-1.0945306001004101e-06,-2.0246571075518,2.524892459980152e-05,-0.0027500065259001,0.0035117247983996007,0.0053582446095999,0.0084617313242997,-0.0494941310749001
0.0022497249869999,0.003518780459,0.0091073417965,0.0092872859049999,0.0113570667834999,0.0115370108919998,-0.04397035266460009,-2.6848709999997486e-07,-0.9568338332661015,1.291153390009991e-05,-0.13200973484809952,-9.093390000002727e-07,-1.9576380191968015,2.555458070020028e-05,-0.1759800875126989,-1.1778261000006812e-06,-2.0016083718614004,2.528609360019987e-05,-0.0027502750130001,0.0035370108919998006,0.005357066783499899,0.0084872859049999,-0.049481219541
0.0022494341243,0.003531735179,0.0091063726278,0.009312904482299999,0.0113558067521,0.0115623386066,-0.0394711935533002,-2.9086269990024477e-07,-0.9497833176281015,1.2954720000000076e-05,-0.11379602042379955,-9.691687000001198e-07,-1.9390378288095016,2.5618577300098172e-05,-0.1532672139770992,-1.2600313998994972e-06,-1.9785090223628004,2.5327714600198795e-05,-0.0027505658757000003,0.0035623386065999994,0.0053558067521,0.008512904482299999,-0.049468264821
0.0022491212526,0.0035447354376999,0.009105344587,0.0093385921279998,0.0113544658396,0.011587713380599801,-0.03497263817640017,-3.128716999996513e-07,-0.9427068470114016,1.3000258699900034e-05,-0.09558430320899958,-1.028040799998936e-06,-1.9203863321992019,2.568764569980085e-05,-0.13055694138539886,-1.3409124999998884e-06,-1.9553589703756007,2.5374773999801634e-05,-0.0027508787474,0.003587713380599801,0.0053544658396,0.0085385921279998,-0.0494552645623001
0.0022487868043,0.0035577840153,0.0091042588004,0.0093643548349,0.011353045604700001,0.011613141639199999,-0.030474730119500193,-3.3444830000025835e-07,-0.9356043275584017,1.3048577600100007e-05,-0.07737469982159939,-1.085786600000041e-06,-1.9016833852363022,2.576270690020019e-05,-0.10784942994109903,-1.4202348999989983e-06,-1.9321581153558007,2.5428258600197762e-05,-0.0027512131957000002,0.0036131416391999988,0.005353045604700001,0.0085643548349,-0.0494422159847
0.0022484312761,0.0035708841178,0.0091031165627999,0.0093901995117,0.011351547838899901,0.0116386307878,-0.025977512039100148,-3.5552819999985774e-07,-0.9284756594253016,1.3100102500000071e-05,-0.05916732445839945,-1.1422376001001683e-06,-1.882928830889702,2.5844676800000285e-05,-0.08514483649749893,-1.497765800100026e-06,-1.908906342928801,2.5489148600000427e-05,-0.0027515687239,0.003638630787799999,0.005351547838899901,0.0085901995117,-0.049429115882199996
0.0022480552295,0.0035840393735,0.009101919336,0.009416133976499999,0.0113499745655,0.011664189206,-0.021481025533500175,-3.760466000001829e-07,-0.9213207359340015,1.315525569999974e-05,-0.04096228855959949,-1.1972267998996977e-06,-1.864122497401502,2.5934464799998863e-05,-0.06244331409309867,-1.5732733999011816e-06,-1.8856035229350008,2.555841820000085e-05,-0.0027519447705000003,0.003664189206,0.0053499745655,0.008616133976499999,-0.0494159606265
0.0022476592898,0.003597253829,0.0091006687472,0.0094421669478,0.011348328037000002,0.011689826237599999,-0.0169853110142002,-3.959396999999275e-07,-0.9141394427315015,1.3214455500000239e-05,-0.022759700476399525,-1.2505887999995913e-06,-1.8452641964772019,2.6032971300000984e-05,-0.03974501149059906,-1.6465284999982177e-06,-1.8622495074914012,2.563703159999889e-05,-0.0027523407102,0.003689826237599999,0.0053483280370000014,0.0086421669478,-0.049402746170999996
0.0022472441455,0.0036105319441999,0.0090993665872,0.0094683080338998,0.0113466107327,0.0117155521793998,-0.012490407578900187,-4.1514430000003794e-07,-0.9069316569583016,1.327811519989978e-05,-0.004559665141999458,-1.3021600000009959e-06,-1.826353721495502,2.6141086099799524e-05,-0.017050072720899312,-1.7173043000019012e-06,-1.8388441290744018,2.5725941799800353e-05,-0.0027527558545000002,0.0037155521793997993,0.0053466107326999995,0.0086683080338998,-0.0493894680558001
0.0022468105471,0.0036238785855999,0.009098014808,0.0094945677182998,0.0113448253551,0.0117413782653998,-0.007996352886300184,-4.3359839999989463e-07,-0.8996972464285017,1.334664139999997e-05,0.013637716253200649,-1.351779199999792e-06,-1.807390845743302,2.6259684400000913e-05,0.005641363366900354,-1.7853775999988192e-06,-1.815387198629602,2.582608600000015e-05,-0.0027531894529,0.0037413782653997994,0.005344825355100001,0.0086945677182998,-0.0493761214144001
0.0022463593061999,0.0036372990191,0.0090966155197999,0.0095209573443999,0.0113429748259998,0.0117673166505998,-0.0035031830330002345,-4.512409001000521e-07,-0.8924360688238018,1.3420433500100065e-05,0.03183234658100065,-1.3992882001000878e-06,-1.7883753206806026,2.6389626100098776e-05,0.028329163547999858,-1.8505291002005736e-06,-1.791878503713602,2.5938385200000025e-05,-0.0027536406938001,0.0037673166505997994,0.0053429748259998,0.008720957344399899,-0.049362700980899996
0.0022458912944,0.0036507989016999,0.0090951709879,0.009547489097799799,0.011341062282299998,0.0117933803921998,0.000989067567599644,-4.68011799900029e-07,-0.8851479709030019,1.3499882599899999e-05,0.05002413308870035,-1.4445318999006113e-06,-1.769306874238403,2.6531753399899535e-05,0.05101320065629933,-1.9125436998019413e-06,-1.7683178066708027,2.606374159999994e-05,-0.0027541087056,0.0037933803921997994,0.005341062282299998,0.008747489097799798,-0.0493492010983001
0.0022454074417,0.0036643842717,0.0090936836289,0.009574175985099999,0.0113390910706,0.0118195834268,0.005480366303699635,-4.83852699999926e-07,-0.877832787729602,1.3585370000099989e-05,0.06821298770550022,-1.4873589999995357e-06,-1.7501852091555032,2.6686887300200052e-05,0.07369335400919974,-1.971211699997727e-06,-1.744704842851803,2.6203034600200126e-05,-0.0027545925583,0.0038195834267999995,0.0053390910706000005,0.008774175985099998,-0.049335615728299996
0.0022449087348,0.0036780615383,0.0090921560072,0.009601031811399999,0.011337064742,0.0118459405462,0.00997068248019961,-4.987069000001593e-07,-0.8704903419196021,1.3677266600000022e-05,0.08639882734160031,-1.5276216999999398e-06,-1.7310100013590033,2.6855826299999885e-05,0.09636950982179959,-2.026328600000099e-06,-1.7210393188788027,2.6357119399999726e-05,-0.0027550912652000003,0.0038459405461999992,0.005337064742,0.008801031811399998,-0.0493219384617
0.002244396216,0.0036918374708,0.0090905908298999,0.009628071157600001,0.0113349870458999,0.0118724673736,0.014459987430999632,-5.125187999997435e-07,-0.8631204429105022,1.3775932500000119e-05,0.1045815741787004,-1.5651773001001956e-06,-1.7117808983900034,2.703934620000223e-05,0.11904156160969981,-2.0776961001008065e-06,-1.6973209109590028,2.6526827399999883e-05,-0.002755603784,0.003872467373599999,0.0053349870458999,0.0088280711576,-0.0493081625292
0.0022438709805,0.0037057191850999,0.0090889909425,0.0096553093506998,0.011332861922999999,0.011899180331199799,0.018948254627499606,-5.252355000000611e-07,-0.8557228862546024,1.388171429989992e-05,0.12276115595110038,-1.5998873998997881e-06,-1.6924975178817034,2.7238193099798913e-05,0.14170941057859965,-2.1251228999007166e-06,-1.6735492632542028,2.671295759979972e-05,-0.0027561290195,0.003899180331199799,0.005332861922999999,0.0088553093506998,-0.0492942808149001
0.0022433341753,0.0037197141316,0.0090873593237,0.0096827624385,0.011330693499,0.0119260966138,0.02343545978329964,-5.368052000001913e-07,-0.8482974529379025,1.3994946500099897e-05,0.1409375062173004,-1.6316187999992904e-06,-1.6731594460925037,2.7453087800199602e-05,0.16437296600059925,-2.1684239999986143e-06,-1.649723986309203,2.6916282600200278e-05,-0.0027566658247000003,0.003926096613799999,0.005330693499,0.008882762438499999,-0.0492802858684
0.0022427869965,0.0037338300799999,0.0090856990798999,0.0097104471564998,0.011328486076399899,0.0119532341529998,0.027921580955099667,-5.471788000000269e-07,-0.8408439087263027,1.4115948399900154e-05,0.15911056462090034,-1.66024380010045e-06,-1.6537662364975036,2.7684717999800282e-05,0.18703214557599912,-2.207422600101344e-06,-1.6258446555424033,2.7137539199801122e-05,-0.0027572130035000003,0.0039532341529998,0.005328486076399899,0.0089104471564998,-0.049266169920000095
0.0022422306874,0.0037480751051999,0.0090840134394,0.009738380897799801,0.0113262441268,0.0119806115851998,0.03240659863899964,-5.563090999995829e-07,-0.8333620035411028,1.4245025200000042e-05,0.17728027714020023,-1.6856404999009145e-06,-1.6343174084432042,2.793374130000137e-05,0.20968687577919942,-2.2419495998987626e-06,-1.6019108098042034,2.737743220000005e-05,-0.0027577693126,0.0039806115851998,0.0053262441268,0.0089383808977998,-0.0492519248948001
0.0022416665356999,0.0037624575706999,0.0090823057462,0.009766581677099699,0.0113239722818999,0.0120082482127996,0.03689049586209958,-5.641517001001711e-07,-0.825851470865203,1.4382465499999941e-05,0.19544659632580008,-1.7076931999992356e-06,-1.6148124458683049,2.8200779299897977e-05,0.23233709218789889,-2.2718449000994068e-06,-1.5779219500062043,2.763662759979954e-05,-0.0027583334643001,0.0040082482127996,0.005323972281899901,0.008966581677099699,-0.0492375424293001
0.0022410958719,0.0037769861124,0.0090805794539,0.0097950680967,0.0113216753258,0.0120361639686,0.04137325826969951,-5.706637999001139e-07,-0.818312027182103,1.4528541700099904e-05,0.2136094815259002,-1.7262923000006813e-06,-1.5952507960945053,2.8486419600300128e-05,0.2549827397955986,-2.296956099901229e-06,-1.553877537824805,2.791575580039958e-05,-0.0027589041281,0.004036163968599999,0.0053216753257999995,0.008995068096699999,-0.049223013887599996
0.0022405200654999,0.0037916696214,0.0090788381185,0.0098238593082999,0.0113193581839999,0.0120643793737998,0.04585487420709944,-5.758064000999617e-07,-0.810743371448303,1.4683509000000278e-05,0.2317688990983,-1.741335399998989e-06,-1.5756318686895052,2.879121159990103e-05,0.2776237733053981,-2.3171418000993843e-06,-1.529776994482405,2.8215405199800633e-05,-0.0027594799345001,0.0040643793737998,0.0053193581839999,0.0090238593082999,-0.0492083303786
0.0022399405235,0.0038065172255,0.0090770853921,0.0098529749745,0.0113170259156,0.012092915498,0.05033533479609931,-5.7954199989994e-07,-0.803145184601403,1.4847604099999748e-05,0.24992482260889992,-1.7527263999998766e-06,-1.5559550344067055,2.911566620009999e-05,0.3002601574049977,-2.3322683999002503e-06,-1.5056196996106053,2.8536124200199617e-05,-0.0027600594765,0.004092915498,0.0053170259156,0.0090529749745,-0.049193482774499996
0.0022393586869,0.003821538271,0.009075325015,0.0098824352289,0.011314683701899999,0.0121217939158,0.054814634006499274,-5.818366000001456e-07,-0.7955171291049031,1.502104550000008e-05,0.26807723301599995,-1.7603771000004875e-06,-1.5362196242033055,2.946025439999958e-05,0.32289186702249806,-2.3422137000010668e-06,-1.481404990196805,2.8878417800000736e-05,-0.0027606413131000002,0.0041217939158,0.005314683701899999,0.0090824352289,-0.049178461729
0.002238776028,0.0038367423034,0.009073560809,0.0099122606348,0.011312336837,0.0121510366628,0.059292768721399325,-5.826588999999389e-07,-0.7878588485305031,1.5204032400000216e-05,0.28622611883999993,-1.7642059999996296e-06,-1.5164249283396054,2.982540590000006e-05,0.34551888756139837,-2.346864899999135e-06,-1.4571321596182045,2.924274699999882e-05,-0.002761223972,0.004151036662799999,0.005312336837,0.0091122606348,-0.0491632576966
0.0022381940474,0.0038521390474,0.0090717966688,0.009942472142199999,0.0113099907162,0.012180666189599999,0.06376973879679931,-5.819806000000038e-07,-0.7801699671797032,1.5396743999999615e-05,0.3043714763177998,-1.7641402000004996e-06,-1.4965701955626056,3.0211507399999227e-05,0.3681412151145982,-2.3461208000005035e-06,-1.4328004567658041,2.9629526799999223e-05,-0.0027618059526,0.0041806661895999984,0.005309990716199999,0.009142472142199999,-0.0491478609526
0.0022376142714,0.0038677383866999,0.0090700365552,0.0099730910447998,0.011307650826600001,0.0122107053161998,0.06824554711559927,-5.797760000000526e-07,-0.7724500897456034,1.5599339299900063e-05,0.3225133095417998,-1.7601135999991552e-06,-1.476654632375606,3.0618902599800074e-05,0.39075885665739785,-2.3398895999983405e-06,-1.4084090852600042,3.003912659980089e-05,-0.0027623857286000002,0.004210705316199799,0.005307650826600001,0.009173091044799799,-0.0491322616133001
0.0022370382482,0.0038835503434999,0.0090682844864,0.010004138935199799,0.011305322734599998,0.0122411771833998,0.07272019963519927,-5.760232000000427e-07,-0.7646988010154037,1.581195680000003e-05,0.34065163058339976,-1.7520688000011164e-06,-1.4566774023956066,3.1047890399999584e-05,0.413371830218598,-2.32809200000246e-06,-1.3839572027604046,3.0471867199999975e-05,-0.0027629617518000003,0.004241177183399799,0.005305322734599998,0.009204138935199798,-0.0491164496565001
0.0022364675454,0.0038995850571,0.00906654453,0.0100356376596,0.0113030120754,0.012272105205000002,0.07719370542879928,-5.707027999997047e-07,-0.7569156656148037,1.603471360010029e-05,0.3587864595997998,-1.7399563999997286e-06,-1.436637625800807,3.149872440020088e-05,0.43598016502859815,-2.310659199998566e-06,-1.359443920372005,3.092802160020204e-05,-0.0027635324546,0.004272105205000001,0.0053030120754,0.0092356376596,-0.049100414942899996
0.0022359037463,0.0039158527625,0.0090648207947,0.0100676092713,0.011300724541,0.0123035130176,0.0816660767204993,-5.63799100000012e-07,-0.7491002277952037,1.6267705399999628e-05,0.37691782492449977,-1.7237353000000566e-06,-1.4165343788699067,3.197161170000011e-05,0.4585839016449982,-2.2875344000000686e-06,-1.3348683021494052,3.1407812599998364e-05,-0.0027640962537,0.0043035130176,0.005300724541,0.0092676092713,-0.0490841472375
0.002235348447,0.0039323637689,0.0090631174221,0.010100075984799999,0.0112984658691,0.0123354244318,0.08613732891379927,-5.552993000003219e-07,-0.7412520112638037,1.6511006399999757e-05,0.3950457631412998,-1.7033725999999333e-06,-1.3963666936138068,3.246671349999876e-05,0.4811830920550979,-2.258671900000689e-06,-1.310229364700005,3.191141419999974e-05,-0.0027646515530000003,0.0043354244317999995,0.005298465869099999,0.009300075984799998,-0.0490676362311
0.002234803253,0.0039491284376,0.0090614385777,0.0101330601282,0.0112962418307,0.0123678633812,0.09060748061379931,-5.451939999998913e-07,-0.7333705190573038,1.6764668700000596e-05,0.4131703191410998,-1.6788443999993241e-06,-1.3761335575008067,3.2984143400001734e-05,0.5037777997548978,-2.2240383999987817e-06,-1.2855260768870052,3.243894940000054e-05,-0.002765196747,0.0043678633812,0.0052962418307,0.0093330601282,-0.0490508715624
0.0022342697758,0.0039661571596999,0.009059788443,0.010166584095199799,0.0112940582188,0.0124008538709998,0.09507655364259926,-5.334772000000453e-07,-0.725455233460004,1.70287220998995e-05,0.43129154616179965,-1.6501347000000277e-06,-1.355833913277407,3.3523966999798524e-05,0.5263680998043978,-2.1836119000005066e-06,-1.2607573596348054,3.299048979979978e-05,-0.0027657302242000002,0.0044008538709998,0.0052940582188,0.009366584095199798,-0.0490338428403001
0.00223374963,0.0039834603343,0.0090581712062999,0.0102006702986,0.0112919208362999,0.012434419928600001,0.09954457304839925,-5.201458000000589e-07,-0.717505615966004,1.7303174600100633e-05,0.4494095058110994,-1.617236700101124e-06,-1.3354666588836075,3.4086203400202075e-05,0.5489540788594973,-2.1373825001003155e-06,-1.235922085835206,3.356605760020115e-05,-0.0027662503700000003,0.004434419928600001,0.005291920836299899,0.0094006702986,-0.0490165396657
0.0022332444292,0.0040010483457,0.0090565910547,0.0102353411206,0.011289835483900001,0.0124685855498,0.10401156710759923,-5.052007999999282e-07,-0.7095211072860041,1.7588011399999673e-05,0.46752426807209924,-1.580151599898591e-06,-1.3150306474644076,3.467082199999985e-05,0.5715358351796973,-2.0853523998980855e-06,-1.211019080356806,3.416562119999862e-05,-0.0027667555708000002,0.0044685855497999995,0.005289835483900001,0.0094353411206,-0.0489989516543
0.0022327557836,0.0040189315415,0.0090550521646,0.0102706188666,0.0112878079482,0.0125033746502,0.10847756732039926,-4.886455999999866e-07,-0.7015011273988042,1.7883195800000133e-05,0.48563591129139927,-1.5388901000012306e-06,-1.2945246874772076,3.5277745999999846e-05,0.594113478611797,-2.027535700001651e-06,-1.1860471201568057,3.4789100399999426e-05,-0.0027672442164,0.004503374650199999,0.0052878079482,0.0094706188666,-0.0489810684585
0.0022322852958,0.0040371202103,0.0090535586939,0.010306525716399999,0.0112858439897,0.012538811012199998,0.1129426083997993,-4.704877999998566e-07,-0.6934450756470042,1.8188668799999468e-05,0.5037445221498991,-1.493470699999791e-06,-1.2739475428942075,3.590684979999821e-05,0.6166871305496966,-1.963958500000515e-06,-1.1610049344944056,3.543636199999922e-05,-0.0027677147042,0.004538811012199998,0.005285843989699999,0.009506525716399998,-0.0489628797897
0.0022318345583,0.0040556245593,0.0090521147732,0.0103430836769,0.0112839493315,0.0125749182352,0.1174067282538993,-4.507375000002353e-07,-0.6853523308774041,1.850434900000069e-05,0.5218501956169992,-1.4439206999991572e-06,-1.2532979335009076,3.655796050000201e-05,0.6392569238708963,-1.8946581999985251e-06,-1.1358912052470052,3.610722300000091e-05,-0.0027681654417000003,0.004574918235199999,0.005283949331500001,0.0095430836769,-0.048944375440699996
0.0022314051496,0.0040744546927,0.0090507244972,0.010380314534999999,0.011282129646799999,0.012611719684599999,0.12186996796179933,-4.2940869999976566e-07,-0.6772222516254041,1.8830133399999442e-05,0.5399530348873991,-1.3902760000010506e-06,-1.2325745352890074,3.723085809999825e-05,0.661823002849196,-1.8196847000016836e-06,-1.110704567327205,3.680144939999935e-05,-0.0027685948504,0.0046117196845999985,0.005282129646799999,0.009580314534999999,-0.0489255453073
0.0022309986313,0.0040936205898,0.0090493919162,0.0104182398109,0.0112803905475,0.012649238442199999,0.12633237174269935,-4.0651830000024494e-07,-0.669054176342904,1.9165897099999996e-05,0.5580531513007991,-1.3325809999995691e-06,-1.2117759809431075,3.792527590000018e-05,0.6843855230434959,-1.7390992999993804e-06,-1.0854436092004045,3.751875760000037e-05,-0.0027690013687000003,0.004649238442199999,0.0052803905475,0.009618239810899999,-0.0489063794102
0.0022306165448,0.0041131320837,0.009048121028,0.0104568807122,0.011278737572799999,0.012687497257,0.1307939869187994,-3.820864999995975e-07,-0.6608474236694041,1.9511493900000593e-05,0.5761506642449992,-1.2708882000007915e-06,-1.1909008604200073,3.8640901300001154e-05,0.7069446511637962,-1.6529747000008227e-06,-1.060106873501205,3.825881480000112e-05,-0.0027693834552,0.004687497257,0.005278737572799999,0.0096568807122,-0.048886867916299995
0.002230260408,0.0041329988399,0.0090469157697999,0.0104962580878,0.0112771761777999,0.012726518495800001,0.1352548638715994,-3.561368000001147e-07,-0.652601292745804,1.9866756199999648e-05,0.5942457010427993,-1.2052582000991047e-06,-1.1699477216200072,3.937737559999918e-05,0.7295005649143964,-1.5613950000992194e-06,-1.034692857748405,3.90212388000008e-05,-0.002769739592,0.004726518495800001,0.0052771761777998995,0.0096962580878,-0.048867001160099996
0.0022299317127,0.0041532303359,0.00904578001,0.0105363923845,0.011275711722700001,0.012766324097199999,0.1397150559922994,-3.286953000002611e-07,-0.644315063570004,2.0231495999999648e-05,0.6123383968225993,-1.1357597998994107e-06,-1.1489150711477072,4.0134296700000335e-05,0.7520534528148963,-1.4644550998983707e-06,-1.0092000151554053,3.9805601399997906e-05,-0.0027700682873000003,0.004766324097199999,0.005275711722700001,0.0097363923845,-0.048846769664099995
0.002229631921,0.0041738358406,0.0090447175403,0.0105773036022,0.0112743494613,0.0128069355232,0.14417461962599937,-2.997916999998747e-07,-0.6359879973935041,2.060550470000047e-05,0.6304288943728991,-1.0624697000007066e-06,-1.1278013751610072,4.0911217699999766e-05,0.7746035139988963,-1.3622614000018823e-06,-0.9836267555350049,4.0611426000000325e-05,-0.002770368079,0.004806935523199999,0.005274349461299999,0.0097773036022,-0.0488261641594
0.0022293624626,0.0041948243949,0.0090437320684,0.0106190112524,0.011273094531,0.012848373715,0.14863361400959935,-2.6945840000004023e-07,-0.6276193371580041,2.098855429999956e-05,0.6485173439815992,-9.85471900000201e-07,-1.1066050603064073,4.1707650199999946e-05,0.7971509579911964,-1.2549302999993739e-06,-0.957971446296805,4.143819180000077e-05,-0.0027706375374,0.004848373715,0.005273094531,0.0098190112524,-0.0488051756051
0.002229124732,0.0042162047923,0.0090428272103,0.0106615343166,0.011271951942299999,0.012890659048600001,0.15309210120419936,-2.3773059999992324e-07,-0.6192083079708042,2.138039740000059e-05,0.6666039032602993,-9.048581000002665e-07,-1.0853245147374073,4.252306420000039e-05,0.8196960044644965,-1.142588700001057e-06,-0.9322324135332054,4.2285333600001335e-05,-0.002770875268,0.004890659048600001,0.005271951942299999,0.0098615343166,-0.0487837952077
0.0022289200856999,0.00423798556,0.0090420064829,0.0107048912056999,0.0112709265685999,0.0129338112913998,0.1575501460218992,-2.0464630009998583e-07,-0.6107541176185041,2.1780767699999815e-05,0.6846887369534991,-8.207273999999432e-07,-1.0639580892151075,4.335688909989921e-05,0.8422388829753966,-1.025373700098628e-06,-0.9064079431932055,4.315224279979879e-05,-0.0027710799143001,0.0049338112913998,0.0052709265685999,0.009904891205699899,-0.04876201444
0.0022287498394,0.0042601749413,0.0090412732976,0.010749099722,0.011270023136999999,0.012977849561399999,0.16200781594699915,-1.7024629990003773e-07,-0.602255957117204,2.218938129999997e-05,0.702772016733999,-7.331853000003274e-07,-1.0425040982874074,4.420851630010034e-05,0.8647798326809963,-9.034315999016662e-07,-0.8804962823404057,4.4038270000199e-05,-0.0027712501606,0.004977849561399999,0.005270023136999999,0.009949099722,-0.0487398250587
0.0022286152655,0.004282780878,0.009040630953,0.0107941770215,0.0112692462185,0.013022792286999998,0.16646518105189917,-1.3457390000016362e-07,-0.593713001297904,2.2605936699999878e-05,0.7208539209845992,-6.423445999999278e-07,-1.0209608215439072,4.507729950000046e-05,0.8873191020364963,-7.76918499999224e-07,-0.8544956404920057,4.494272559999943e-05,-0.0027713847345000003,0.005022792286999998,0.005269246218499999,0.0099941770215,-0.048717219122
0.0022285175905999,0.0043058109939,0.009040082629,0.0108401395783999,0.0112686002195999,0.0130686571689998,0.17092231390799906,-9.767490009989985e-08,-0.5851244094260041,2.303011589999994e-05,0.7389346345665992,-5.483239999999612e-07,-0.9993265049440074,4.5962556899899545e-05,0.9098569484745962,-6.459989001002947e-07,-0.828404191036006,4.5864881999800947e-05,-0.0027714824094001002,0.005068657168999799,0.005268600219599899,0.0100401395783999,-0.0486941890061
0.0022284579931999,0.0043292725788999,0.0090396313803999,0.0108870031509997,0.0112680893735998,0.013115461144199599,0.17537928949179882,-5.95973999998646e-08,-0.5764893258532042,2.346158499989988e-05,0.7570143485759993,-4.512486000991106e-07,-0.9775993622146082,4.686357259980033e-05,0.932393638067796,-5.108460000985415e-07,-0.802220072722807,4.680397519979916e-05,-0.0027715420068001,0.005115461144199598,0.0052680893735998005,0.0100870031509997,-0.048670727421100096
0.0022284376015999,0.0043531725743,0.0090392801312,0.0109347827501999,0.0112677177327999,0.0131632203517998,0.17983618508659865,-2.0391600000137927e-08,-0.5678068807000043,2.3899995400099988e-05,0.775093260087599,-3.5124919989942827e-07,-0.9557775763134089,4.7779599200199405e-05,0.9549294451741959,-3.716407998999999e-07,-0.7759413912268074,4.775920760020057e-05,-0.0027715623984001002,0.005163220351799799,0.0052677177327999005,0.010134782750199899,-0.0486468274257
0.0022284574913,0.0043775175581999,0.0090390316689999,0.010983492607699801,0.0112674891602999,0.013211950098999801,0.18429308017949853,1.9889700100025193e-08,-0.5590761905675043,2.4344983899900717e-05,0.793171571887799,-2.48462200100677e-07,-0.9338593009555094,4.870985749990189e-05,0.9774646520672956,-2.2857250000021812e-07,-0.7495662207760074,4.872974720000235e-05,-0.0027715425087,0.005211950098999801,0.0052674891602999,0.0101834926076998,-0.0486224824418001
0.0022285186836,0.0044023137324,0.0090388886402999,0.0110331461484,0.0112674073238999,0.013261664832,0.18875005635439857,6.119230000012701e-08,-0.5502963592769043,2.479617420009933e-05,0.8112494921970987,-1.4302870000003354e-07,-0.91184266219941,4.9653540700198354e-05,0.9999995485514954,-8.18364000003402e-08,-0.7230926058450078,4.971473300019805e-05,-0.0027714813164,0.005261664831999999,0.0052674073238999,0.0102331461484,-0.0485976862676
0.0022286221436,0.0044275669101,0.0090388535451,0.011083755963799999,0.011267475688699999,0.013312378107399998,0.19320719718159857,1.0345999999989211e-07,-0.5414664786344044,2.5253177699999935e-05,0.8293272343824987,-3.5095199900705976e-08,-0.8897257600872104,5.060981539999933e-05,1.0225344315640954,6.836480009875245e-08,-0.6965185629056081,5.0713275399998786e-05,-0.0027713778564,0.005312378107399998,0.005267475688699999,0.010283755963799998,-0.0485724330899
0.0022287687782,0.0044532825045,0.0090389287331,0.0111353337872,0.0112676975113,0.0133641025654,0.19766458810339854,1.4663460000006664e-07,-0.5325856292198045,2.5715594400000513e-05,0.8474050166606988,7.518800000140546e-08,-0.8675066703362102,5.157782340000153e-05,1.0450696047640953,2.218226000019058e-07,-0.6698420822328077,5.172445800000203e-05,-0.0027712312218,0.0053641025654,0.005267697511300001,0.0103353337872,-0.0485467174955
0.0022289594349,0.0044794655182,0.0090391163995,0.0111878904713,0.011268075834400001,0.013416849906199999,0.20212231631649852,1.9065670000010734e-07,-0.5236528811971045,2.6183013699999404e-05,0.8654830617932987,1.8766639999986956e-07,-0.8451834460777103,5.255668409999935e-05,1.0676053781097952,3.783231000004106e-07,-0.6430611297612079,5.2747340799998155e-05,-0.0027710405651,0.005416849906199998,0.005268075834400001,0.0103878904713,-0.0485205344818
0.0022291949004,0.0045061205338,0.0090394185812,0.011241435967999999,0.0112686134816,0.013470630868399999,0.20658047065179846,2.3546549999999694e-07,-0.5146672951451046,2.665501560000002e-05,0.8835615967739985,3.02181699999432e-07,-0.82275411963841,5.354549669999917e-05,1.0901420674257953,5.376471999985616e-07,-0.6161736489866079,5.378096220000003e-05,-0.0027708050996,0.005470630868399998,0.0052686134816,0.010441435967999999,-0.0484938794662
0.0022294758992,0.0045332517057,0.0090398371537,0.011295979310599998,0.0112693130529,0.013525455209799999,0.21103914145139846,2.809987999998105e-07,-0.5056279229056045,2.7131171899999994e-05,0.9016408525088986,4.1857250000082447e-07,-0.8002167043598103,5.4543342599999364e-05,1.1126799939602952,6.995713000002013e-07,-0.5891775629084077,5.4824341400000476e-05,-0.0027705241008,0.005525455209799999,0.0052693130529,0.010495979310599998,-0.0484667482943
0.0022298030925,0.0045608627524,0.0090403738284,0.011351528597299999,0.0112701769209,0.0135813316898,0.21549842044309842,3.271933000001913e-07,-0.4965338084475045,2.7611046700000072e-05,0.9197210634909985,5.366746999996286e-07,-0.7775691964519105,5.554928670000077e-05,1.1352194839340952,8.638680000002535e-07,-0.5620707760088077,5.5876480000001394e-05,-0.0027701969075,0.0055813316898,0.0052701769209,0.010551528597299999,-0.048439137247599996
0.0022301770775,0.0045889569503,0.00904103015,0.0114080909781,0.0112712072275,0.0136382680556,0.21995840061309846,3.7398500000009396e-07,-0.4873839887448046,2.8094197900000416e-05,0.9378024674693983,6.563216000000233e-07,-0.7548095768765108,5.656238080000049e-05,1.1577608680824951,1.0303065999996835e-06,-0.5348511762634081,5.693636580000015e-05,-0.0027698229225,0.0056382680556,0.0052712072275,0.0106080909781,-0.048411043049699995
0.0022305983863,0.0046175371287,0.0090418074947,0.0114656726437,0.011272405881000001,0.01369627103,0.22441917607689843,4.213087999999088e-07,-0.4781774946658045,2.8580178399999906e-05,0.9558853051140983,7.773446999998629e-07,-0.7319358132547107,5.758166559999972e-05,1.180304481190995,1.1986535000015064e-06,-0.5075166371778081,5.800297439999963e-05,-0.0027694016137,0.00569627103,0.005272405881000001,0.010665672643699999,-0.0483824628713
0.0022310674856999,0.0046466056651,0.0090427070686,0.0115242788158999,0.0112737745542999,0.0137553463015998,0.2288808419488983,4.690993999001067e-07,-0.46891335187200456,2.9068536400000088e-05,0.9739698196773985,8.995738999990899e-07,-0.7089458617951108,5.860617219990115e-05,1.2028506616262948,1.3686732998983292e-06,-0.480065019846208,5.907527159980039e-05,-0.0027689325143001,0.0057553463015998,0.0052737745542998996,0.0107242788158999,-0.0483533943349
0.0022315847763,0.0046761644828,0.0090437299062999,0.0115839137419,0.0112753146825999,0.0138154985182,0.23334349421089823,5.172906000997651e-07,-0.4595905817241045,2.9558817699999566e-05,0.9920562566522986,1.0228376999005945e-06,-0.6858376692373112,5.96349260000989e-05,1.2253997508631949,1.5401283000003596e-06,-0.4524941750264082,6.015221660019866e-05,-0.0027684152237,0.005815498518199999,0.0052753146825999,0.010783913741899999,-0.0483238355172
0.0022321505928,0.0047062150485,0.0090448768707,0.0116445806898,0.0112770274635,0.013876731282599999,0.23780722957999822,5.658165000001041e-07,-0.45020820219280444,3.005056570000008e-05,1.0101448634292984,1.1469644001001894e-06,-0.6626091748056115,6.06669479000007e-05,1.2479520930092949,1.7127809001007271e-06,-0.42480194522560843,6.12327643999995e-05,-0.0027678494072,0.005876731282599999,0.005277027463500001,0.0108445806898,-0.048293784951499996
0.0022327652034,0.0047367583716,0.0090461486522,0.011706281946599999,0.011278913855599999,0.013939047149999998,0.24227214537619823,6.146105999997251e-07,-0.4407652287727044,3.054332309999994e-05,1.0282358889521985,1.2717814999990001e-06,-0.6392583121692113,6.170125679999874e-05,1.2705080343283948,1.8863920999978578e-06,-0.3969861667930088,6.231586739999934e-05,-0.0027672347966000003,0.005939047149999998,0.0052789138555999985,0.010906281946599998,-0.0482632416284
0.0022334288099999,0.0047677950043,0.0090475457692,0.011769018818599899,0.011280974579199899,0.014002447628599798,0.2467383393895981,6.636065999002239e-07,-0.43126067539680446,3.103663269999994e-05,1.0463295833735984,1.3971170000001698e-06,-0.6157830114040115,6.27368719999001e-05,1.2930679227631945,2.0607235999003937e-06,-0.36904467201440916,6.340047859980033e-05,-0.0027665711900001,0.006002447628599798,0.005280974579199899,0.010969018818599898,-0.048232204995699995
0.0022341415485,0.0047993250432,0.0090490685686,0.0118327916349,0.011283210117100002,0.0140669331834,0.25120590974809803,7.127385000999832e-07,-0.4216935553493044,3.153003890000051e-05,1.0644261977113985,1.5227994000013845e-06,-0.5921812009505114,6.377281630010057e-05,1.3156321074594945,2.2355379001026687e-06,-0.3409752912024091,6.448555480020185e-05,-0.0027658584515,0.0060669331834,0.0052832101171000016,0.011032791634899999,-0.0482006749568
0.0022349034893,0.0048313481316,0.0090507172267,0.0118975997525,0.011285620716,0.014132503241800001,0.255674954785898,7.619408000001347e-07,-0.4120628821745045,3.202308839999994e-05,1.0825259835066985,1.6486580999997696e-06,-0.5684508095631111,6.480811760000045e-05,1.3382009382925943,2.4105988999986033e-06,-0.31277585477720926,6.557005840000102e-05,-0.0027650965107,0.006132503241800001,0.005285620716,0.0110975997525,-0.0481686518684
0.0022357146375,0.0048638634633,0.0090524917509,0.011963441564100001,0.0112882063884,0.014199156201600002,0.260145572912698,8.111481999998824e-07,-0.40236767057960443,3.2515331700000254e-05,1.1006291924842984,1.7745241999989059e-06,-0.5445897682465111,6.584181160000126e-05,1.3607747653969942,2.5856723999996556e-06,-0.28444419533380927,6.665295980000027e-05,-0.0027642853625,0.006199156201600001,0.0052882063884,0.0111634415641,-0.0481361365367
0.002236574934,0.0048968697865,0.0090543919811,0.012030314507000001,0.0112909669151,0.014266889441000002,0.264617862484198,8.602964999999962e-07,-0.39260693732980445,3.3006323200000104e-05,1.1187360762162983,1.9002302000005467e-06,-0.5205960121754112,6.68729429000002e-05,1.383353938700494,2.760526700000543e-06,-0.25597814969120947,6.77332394000002e-05,-0.002763425066,0.006266889441000002,0.0052909669151,0.011230314507000001,-0.048103130213499996
0.0022374842561,0.0049303654105,0.0090564175926,0.0120982150771,0.0112939018487,0.0143356993332,0.269091921674298,9.093220999997764e-07,-0.38277970213280443,3.3495623999999814e-05,1.1368468857899983,2.0256114999991914e-06,-0.4964674825913109,6.79005700999994e-05,1.405938807464294,2.934933599998968e-06,-0.22737556091700917,6.880989219999745e-05,-0.0027625157439000003,0.006335699333199999,0.005293901848699999,0.0112982150771,-0.0480696345895
0.0022384424188,0.0049643482116,0.009058568098,0.012167138842,0.0112970105168,0.0144055812608,0.273567848349198,9.581627000002958e-07,-0.3728849885107044,3.3982801099999814e-05,1.1549618714805983,2.150505400000738e-06,-0.4722021286722109,6.892376489999949e-05,1.428529719829794,3.1086681000006e-06,-0.19863428032300945,6.988192760000109e-05,-0.0027615575812,0.0064055812608,0.0052970105168,0.011367138842,-0.0480356517884
0.0022394491757,0.0049988156413,0.0090608428511,0.0122370804583,0.0113002920268,0.014476529634,0.278045739943698,1.0067568999997181e-06,-0.3629218246578043,3.446742970000024e-05,1.1730812824296983,2.2747531000007898e-06,-0.44779790937191066,6.994161629999933e-05,1.451127022373394,3.2815099999996405e-06,-0.16975216942820914,7.094837319999991e-05,-0.0027605508243000003,0.006476529634,0.0053002920268,0.0114370804583,-0.048001184358699996
0.0022405042204,0.0050337647349,0.0090632410497,0.012308033690199999,0.0113037452701,0.014548537910599998,0.282525693339798,1.0550447000000178e-06,-0.3528892442816044,3.4949093599999544e-05,1.1912053663304984,2.3981985999999705e-06,-0.4232527952234104,7.095323189999954e-05,1.4737310596702942,3.453243300000422e-06,-0.14072710188360915,7.200827659999826e-05,-0.0027594957796000003,0.006548537910599998,0.0053037452701,0.011508033690199999,-0.0479662352651
0.0022416071883,0.005069192121,0.0090657617397,0.0123799914303,0.011307368928,0.0146215986186,0.28700780474849796,1.1029678999999529e-06,-0.3427862874257044,3.542738610000026e-05,1.2093343691198983,2.520689999998757e-06,-0.3985647701029107,7.195774010000135e-05,1.4963421738683942,3.6236578999995772e-06,-0.11155696535440907,7.306070800000217e-05,-0.0027583928117000003,0.0066215986186000005,0.005307368928,0.0115799914303,-0.047930807879
0.0022427576576,0.0051050940329,0.0090684038194,0.0124529457234,0.011311161477,0.014695703381,0.291492169594398,1.1504693000000121e-06,-0.33261200127180446,3.59019118999996e-05,1.2274685346789982,2.642079700000688e-06,-0.3737318329492103,7.29542930999992e-05,1.5189607042733944,3.7925490000007e-06,-0.08223966335480881,7.410476239999922e-05,-0.0027572423424000003,0.006695703381,0.005311161477,0.0116529457234,-0.0478949059671
0.0022439551518,0.0051414663193999,0.0090711660437999,0.0125268877905998,0.0113151211955999,0.0147708429423998,0.295978882403798,1.1974942000000238e-06,-0.3223654409195045,3.6372286499899986e-05,1.245608104542198,2.762224399899607e-06,-0.3487519994352102,7.39420671998e-05,1.5415869869459942,3.959718599899631e-06,-0.052773117031408745,7.513956139980002e-05,-0.0027560448482000003,0.0067708429423998,0.0053151211955999,0.0117268877905998,-0.0478585336806001
0.002245199141,0.0051783044577,0.0090740470298,0.0126018080564,0.011319246170799999,0.014847007197400001,0.300468036696598,1.243989200000288e-06,-0.3120456701424046,3.683813830010051e-05,1.263753317615798,2.8809860000995197e-06,-0.3236233035882101,7.492026580020045e-05,1.564221354312394,4.12497520009894e-06,-0.023155266891609294,7.61642550002016e-05,-0.002754800859,0.006847007197400001,0.005319246170799999,0.0118018080564,-0.0478216955423
0.0022464890443,0.0052156035667,0.0090770452613,0.012677696177700001,0.0113235343056,0.014924185222000001,0.30495972488189804,1.2899032999997076e-06,-0.3016517621180045,3.7299109000000184e-05,1.281904409906898,2.998231500000309e-06,-0.29834379935411004,7.588812130000094e-05,1.586864134788794,4.288134800000884e-06,0.006615925527790445,7.717802459999978e-05,-0.0027535109557000003,0.006924185222000001,0.0053235343056,0.0118776961777,-0.0477843964333
0.0022478242317,0.0052533584211999,0.0090801590947999,0.0127545410740998,0.0113279833264999,0.0150023653057998,0.30945403815789807,1.3351874000003434e-06,-0.29118280013010456,3.7754854499899744e-05,1.3000616142629977,3.113833499900076e-06,-0.27291156210231016,7.68448963997994e-05,1.6095156524208938,4.449020899899986e-06,0.036542476055590356,7.818008379979931e-05,-0.0027521757683,0.0070023653057998,0.0053279833264999,0.0119545410740998,-0.0477466415788001
0.0022492040265,0.0052915634666,0.0090833867652,0.0128323309597,0.011332590791699999,0.0150815349862,0.31395106641609805,1.3797947999998235e-06,-0.2806378782423047,3.8205045400099835e-05,1.3182251601229977,3.227670400099761e-06,-0.24732469006851066,7.778988560019906e-05,1.6321762265390938,4.607465200099151e-06,0.06662637634758983,7.916968040020018e-05,-0.0027507959735,0.007081534986200001,0.005332590791699999,0.012032330959699999,-0.0477084365334
0.0022506277075999,0.0053302128349,0.0090867263919,0.0129110533773999,0.0113373540994999,0.015161681084999799,0.3184508981501979,1.4236810998999663e-06,-0.2700161019408047,3.864936829999985e-05,1.3363952732800979,3.3396267000006946e-06,-0.22158130573141044,7.872241769990053e-05,1.6548461714302936,4.763307799901528e-06,0.09686959241878945,8.01460987997979e-05,-0.0027493722924001,0.0071616810849997985,0.0053373540994999,0.0121110533773999,-0.0476697871651
0.0022520945122,0.005369300361,0.0090901759853999,0.0129906952342,0.0113422704975999,0.0152427897464,0.3229536203699978,1.4668046000999684e-06,-0.2593165887449048,3.908752610000052e-05,1.3545721756573976,3.4495934998993866e-06,-0.1956795571198109,7.96418568000997e-05,1.6775257960273933,4.916398099999789e-06,0.12727406325018897,8.110866140020184e-05,-0.0027479054878,0.0072427897464,0.0053422704975999,0.0121906952342,-0.047630699639
0.0022536036378,0.0054088195993,0.0090937334537,0.0130712428364,0.011347337091500001,0.0153248464742,0.3274593185199978,1.509125600000251e-06,-0.24853846878460473,3.951923829999954e-05,1.3727560850964975,3.5574683001013407e-06,-0.1696176190492107,8.054760220000019e-05,1.7002154036164931,5.066593900100724e-06,0.1578416994707892,8.205672779999958e-05,-0.0027463963622,0.0073248464742,0.005347337091500001,0.0122712428364,-0.0475911804007
0.0022551542455999,0.0054487638419,0.0090973966096,0.0131526819293999,0.0113525508551999,0.0154078361749998,0.33196807640339776,1.5506077998997218e-06,-0.2376808853434048,3.9944242600000075e-05,1.3909472151597977,3.6631558999987435e-06,-0.14339369428341087,8.14390929999003e-05,1.722915291563193,5.213763699898899e-06,0.188574382119989,8.298970079980046e-05,-0.0027448457544001,0.0074078361749998,0.0053525508551999,0.0123526819293999,-0.0475512361581
0.0022567454627,0.0054891261364999,0.0091011631772,0.013234997735699802,0.011357908639900001,0.0154917431983998,0.3364799761116976,1.5912171001000557e-06,-0.22674299536500486,4.0362294599900414e-05,1.4091457749465977,3.76656760000052e-06,-0.11700601461831095,8.231580629990132e-05,1.7456257510582927,5.357784700101009e-06,0.21947396149338871,8.390702340000007e-05,-0.0027432545373,0.0074917431983998,0.005357908639900001,0.012434997735699801,-0.0475108738635001
0.0022583763852,0.0055298993048,0.0091050307997999,0.0133181749948,0.0113634071849999,0.01557655138,0.34099509795959765,1.6309224999998609e-06,-0.21572396992370502,4.0773168300099576e-05,1.4273519689235976,3.867622599899867e-06,-0.090452841887811,8.317725910019814e-05,1.7683470668831927,5.4985450998988605e-06,0.2505422560717889,8.480818160019887e-05,-0.0027416236148000003,0.007576551379999999,0.0053634071849999,0.0125181749948,-0.047470100695199996
0.0022600460808,0.0055710759620999,0.009108997047,0.0134021980049998,0.0113690431278,0.0156622440857998,0.34551352042559763,1.6696956000000589e-06,-0.2046229946568051,4.117665729989981e-05,1.4455659967703975,3.966247200100012e-06,-0.06373246888801098,8.402301019980012e-05,1.7910795171959926,5.635942800100505e-06,0.2817810515375889,8.569270579980061e-05,-0.0027399539192000002,0.0076622440857998,0.0053690431278,0.0126021980049998,-0.0474289240379001
0.002261753592,0.0056126485366,0.0091130594224,0.0134870506652,0.0113748130144,0.0157488042572,0.3500353200983976,1.7075111999999629e-06,-0.19343927015810514,4.1572574500100407e-05,1.4637880532397973,4.062375400000137e-06,-0.03684322021781128,8.485266020019991e-05,1.8138233733381925,5.769886599999233e-06,0.31319209988058905,8.6560171400199e-05,-0.0027382464080000003,0.007748804257199999,0.005374813014399999,0.0126870506652,-0.0473873514634
0.0022634979390999,0.005654609289,0.0091172153716,0.0135727165170999,0.0113807133106999,0.0158362144561998,0.3545605716294975,1.7443470999001752e-06,-0.18217201233250513,4.196075239999968e-05,1.4820183280337973,4.155949200000328e-06,-0.00978345303551098,8.566585189989998e-05,1.8365788996632926,5.900296299900937e-06,0.3447771185939885,8.741019899980232e-05,-0.0027365020609001,0.007836214456199801,0.0053807133106999,0.0127727165170999,-0.047345390710999996
0.0022652781231999,0.0056969503331999,0.0091214622895,0.013659178789599699,0.011386740412699901,0.0159244569127996,0.35908934769179734,1.780184099999839e-06,-0.17082045271030522,4.2341044199900243e-05,1.5002570056948972,4.246917900000216e-06,0.01744844227118847,8.646227249979946e-05,1.8593463533866925,6.027102000000922e-06,0.37653778996298826,8.824245659979843e-05,-0.0027347218768001003,0.0079244569127996,0.005386740412699901,0.012859178789599699,-0.0473030496668001
0.0022670931289,0.0057396636562,0.009125797529,0.013746420441299999,0.0113928906579,0.0160135135702,0.3636217189438973,1.8150057001001772e-06,-0.15938383872090522,4.2713323000099536e-05,1.5185042655133971,4.335239499999102e-06,0.04485404150208794,8.724165170029968e-05,1.8821259844572926,6.1502452000979785e-06,0.4084757604459881,8.905665740039856e-05,-0.0027329068711,0.008013513570199998,0.005392890657899999,0.012946420441299998,-0.0472603363438
0.0022689419280999,0.0057827411388999,0.0091302184084,0.013834424205899701,0.0113991603364999,0.0161033661339996,0.3681577540008972,1.848799199899876e-06,-0.1478614339258053,4.3077482699900756e-05,1.536760281450797,4.4208794000005075e-06,0.07243488614928761,8.800376459970269e-05,1.9049180354516924,6.26967859989995e-06,0.4405926401501876,8.985256379960213e-05,-0.0027310580719001,0.0081033661339996,0.005399160336499899,0.013034424205899701,-0.0472172588611001
0.0022708234824,0.0058261745766,0.0091347222197,0.0139231726356,0.0114055457021,0.016193996118,0.3726975194113971,1.8815543001001953e-06,-0.13625251821030548,4.343343770009996e-05,1.5550252220788972,4.5038112999988555e-06,0.10019248299078765,8.874842970029925e-05,1.9277227414902922,6.385365600099918e-06,0.47289000240218737,9.062998400040032e-05,-0.0027291765176,0.008193996118,0.005405545702099999,0.0131231726356,-0.0471738254234
0.0022727367468,0.0058699557002,0.0091393062368,0.0140126481472,0.011412042983599999,0.016285384894,0.37724107964059717,1.9132643999998124e-06,-0.12455638793350543,4.378112359999971e-05,1.5732992505353973,4.58401710000042e-06,0.12812830377358786,8.94755115999988e-05,1.9505403301759923,6.497281499999799e-06,0.5053693834141875,9.138877599999817e-05,-0.0027272632532,0.008285384893999999,0.005412042983599999,0.0132126481472,-0.0471300442998
0.0022746806724,0.0059140761965,0.0091439677236,0.0141028330654,0.011418648396,0.0163775137378,0.3817884970597971,1.9439256000002014e-06,-0.11277235603680547,4.412049630000015e-05,1.5915825244957975,4.661486800000905e-06,0.15624378498618796,9.01849182000005e-05,1.9733710215555922,6.605412400001107e-06,0.5380322820459877,9.212884380000244e-05,-0.0027253193276,0.008377513737800001,0.005418648396,0.0133028330654,-0.0470859238035
0.0022766542097,0.0059585277292,0.0091487039417,0.0141937096681,0.0114253581514,0.0164703638778,0.38633983194189714,1.9735372999997967e-06,-0.10089975211110547,4.44515326999996e-05,1.6098751961610975,4.736218099999842e-06,0.18454032771968798,9.087660269999943e-05,1.9962150281029922,6.7097554000000725e-06,0.5708801596615878,9.285013999999966e-05,-0.0027233457903,0.008470363877800001,0.0054253581514,0.013393709668099999,-0.0470414722708
0.0022786563119,0.0060033019594,0.0091535121589,0.014285260230700002,0.0114321684708,0.0165639165426,0.39089514246349716,2.002102200000279e-06,-0.08893792242250553,4.4774230200000584e-05,1.6281774122616974,4.808217199999548e-06,0.21301929761848815,9.155056260000231e-05,2.0190725547251924,6.81031939999896e-06,0.6039144400819874,9.355266479999999e-05,-0.0027213436881,0.008563916542600001,0.005432168470799999,0.013485260230700001,-0.0469966980406
0.0022806859375,0.0060483905661,0.0091583896569999,0.0143774670697,0.0114390755944999,0.0166581530072,0.3954544847128971,2.0296255999999353e-06,-0.07688622989700544,4.5088606699999687e-05,1.6464893140775974,4.877498099900221e-06,0.24168202491888824,9.220683899999887e-05,2.0419437987904923,6.907123699901457e-06,0.6371365096317874,9.423646459999838e-05,-0.0027193140625,0.0086581530072,0.0054390755944999005,0.0135774670697,-0.0469516094339
0.0022827420536999,0.0060937852668,0.0091633337397,0.014470312587299899,0.0114460757933999,0.016753054640999798,0.40001791270409703,2.0561161998998087e-06,-0.06474405406410544,4.5394700699999575e-05,1.6648110374742973,4.944082700100022e-06,0.2705298045758884,9.284551759989809e-05,2.0648289501783923,7.000198899998963e-06,0.6705477172799874,9.490163379979877e-05,-0.0027172579463001,0.008753054640999798,0.0054460757933998995,0.013670312587299898,-0.0469062147332
0.0022848236394,0.0061394778369,0.0091683417402,0.0145637793132,0.0114531653796,0.0168486029526,0.40458547839719694,2.0815857001000963e-06,-0.05251079096040545,4.569257010000015e-05,1.6831427129541974,5.008000500000137e-06,0.29956389647638826,9.346672590010083e-05,2.087728191351392,7.089586200100667e-06,0.7041493748735874,9.554831160020136e-05,-0.0027151763606,0.0088486029526,0.0054531653796,0.0137637793132,-0.0468605221631
0.0022869296879,0.0061854601298,0.0091734110291,0.0146578499475,0.011460340717,0.0169447796354,0.4091572317244969,2.106048500000006e-06,-0.04018585299370547,4.598229290000023e-05,1.7014844657234973,5.069288899999316e-06,0.3287855257370884,9.40706342999996e-05,2.110641697447992,7.17533740000019e-06,0.7379427574615871,9.617668280000047e-05,-0.0027130703121,0.0089447796354,0.005460340717,0.013857849947499999,-0.0468145398702
0.00228905921,0.0062317240964,0.0091785390218,0.0147525074028,0.0114675982318,0.0170415666128,0.4137332206223969,2.129522099999972e-06,-0.02776866876750539,4.6263966600000074e-05,1.7198364157743975,5.12799270000093e-06,0.35819588308738837,9.465745530000055e-05,2.1335696363967918,7.257514799999601e-06,0.7719291037097875,9.678697739999922e-05,-0.00271094079,0.009041566612799999,0.0054675982318,0.0139525074028,-0.0467682759036
0.0022912112368,0.0062782618035,0.009183723186,0.0148477348438,0.011474934422799999,0.0171389460806,0.41831349106919696,2.1520268000002098e-06,-0.015258682867605344,4.653770710000022e-05,1.7381986779821976,5.184164199999175e-06,0.38779612533398833,9.522744100000022e-05,2.1565121690513918,7.336190999998951e-06,0.8061096164031873,9.737946780000173e-05,-0.0027087887632,0.0091389460806,0.005474934422799999,0.0140477348438,-0.046721738196499996
0.0022933848225,0.0063250654526,0.0091889610484,0.0149435157277,0.0114823458709,0.0172369005502,0.42289808712849697,2.17358569999963e-06,-0.0026553556115054278,4.680364910000009e-05,1.7565713622165977,5.2378624000003204e-06,0.4175873759054882,9.578088390000024e-05,2.179469449345092,7.411448100000384e-06,0.8404854630339873,9.795446959999857e-05,-0.0027066151775000003,0.0092369005502,0.005482345870899999,0.0141435157277,-0.0466749345474
0.0022955790469,0.0063721273974,0.0091942502022999,0.0150398338417,0.0114898292491999,0.0173354128886,0.427487050997897,2.1942243999999514e-06,0.010041837238494722,4.706194479999967e-05,1.7749545734672976,5.289153899900104e-06,0.44757072547488796,9.631811400000016e-05,2.202441624465192,7.483378299900922e-06,0.8750577764727874,9.851233840000098e-05,-0.0027044209531000003,0.0093354128886,0.0054898292491999,0.0142398338417,-0.0466278726026
0.0022977930182,0.0064194401619,0.0091995883135,0.015136673342,0.0114973813317,0.017434466360199997,0.432080423062997,2.2139713000001067e-06,0.02283340479779472,4.731276449999964e-05,1.7933484119830974,5.33811120010004e-06,0.4777472326585883,9.683950029999895e-05,2.225428835046092,7.552082500099713e-06,0.9098276557215872,9.905347159999689e-05,-0.0027022069818,0.009434466360199997,0.0054973813317,0.014336673341999999,-0.0465805598381
0.0023000258753,0.0064669964561,0.0092049731278,0.0152340187875,0.0115049990031,0.0175340446628,0.436678241956497,2.2328570999999298e-06,0.03571984141579465,4.755629420000011e-05,1.8117529734243973,5.384814299999596e-06,0.5081179247880883,9.734544550000016e-05,2.248431215380892,7.617671399999526e-06,0.9447961667445872,9.957830260000355e-05,-0.0026999741247000003,0.0095340446628,0.005504999003099999,0.014434018787499999,-0.0465330035439
0.0023022767903,0.006514789193,0.0092104024761,0.015331855176299999,0.011512679266399999,0.0176341319666,0.441280544622097,2.2509150000003288e-06,0.04870162706489456,4.779273689999985e-05,1.8301683490282974,5.429348299999456e-06,0.5386837987518884,9.783638879999959e-05,2.2714488936503923,7.680263299999351e-06,0.9799643433739869,0.00010008730379999775,-0.0026977232097,0.009634131966599999,0.005512679266399999,0.014531855176299999,-0.046485210807
0.0023045449708,0.0065628115033,0.0092158742811,0.0154301679774,0.0115204192519,0.017734712948199997,0.445887366383197,2.268180499999644e-06,0.06177922776119449,4.80223103000001e-05,1.8485946257854975,5.471805000000635e-06,0.569445821905588,9.831280110000028e-05,2.2944819921686923,7.739985500000712e-06,1.0153331882887873,0.00010058098159999862,-0.0026954550292000003,0.009734712948199997,0.0055204192518999995,0.014630167977399999,-0.0464371884967
0.0023068296620999,0.0066110567502,0.0092213865627999,0.015528943162499899,0.011528216224899801,0.017835772824599798,0.4504987410160969,2.284691299900103e-06,0.07495309601469446,4.8245246900000156e-05,1.8670318866293973,5.512281699900437e-06,0.6004049330454881,9.877518509989955e-05,2.3175306276454917,7.796972999801408e-06,1.050903674061587,0.00010105987639980052,-0.0026931703379001,0.009835772824599798,0.005528216224899801,0.014728943162499899,-0.0463889432498
0.0023091301491,0.0066595185434,0.0092269374435,0.0156281672359,0.0115360675926,0.017937297385000002,0.45511470082729677,2.3004870001001876e-06,0.08822367130829456,4.846179320000012e-05,1.8854802106356972,5.550880700099653e-06,0.6315620434438882,9.922407340010042e-05,2.3405949114629916,7.85136770019984e-06,1.0866767442711867,0.00010152456040020408,-0.0026908698509,0.009937297385000002,0.005536067592600001,0.014828167235899999,-0.0463404814566
0.0023114457584,0.0067081907518,0.0092325251533,0.015727827262,0.011543970911699999,0.0180392730204,0.45973527673479675,2.3156092999999066e-06,0.1015913806034946,4.8672208399999986e-05,1.9039396732324971,5.587709799999632e-06,0.6629180379417878,9.966002610000205e-05,2.363674949967292,7.903319099998238e-06,1.1226533146765867,0.00010197563539999718,-0.0026885542416,0.010039273020399999,0.005543970911699999,0.014927827262000001,-0.0462918092482
0.0023137758599,0.0067570675159,0.0092381480342,0.0158279108917,0.011551923894100001,0.0181416867516,0.4643604983530968,2.3301014999998516e-06,0.11505663887119466,4.887676410000007e-05,1.9224103464199973,5.622880900000779e-06,0.6944737760954878,0.00010008362969999782,2.3867708447730918,7.952982400001932e-06,1.158834274448587,0.00010241373120000244,-0.0026862241401000003,0.010141686751600001,0.005551923894100001,0.015027910891699999,-0.0462429324841
0.0023161198688,0.0068061432589,0.0092438045448,0.0159284063866,0.0115599244136,0.0182445262554,0.4689903940817968,2.3440089000001385e-06,0.1286198496459946,4.9075743000000054e-05,1.9408922989989974,5.656510599999498e-06,0.726230093373788,0.00010049549490000198,2.409882693080792,8.000519499999637e-06,1.195220487455587,0.00010283950379999865,-0.0026838801312,0.0102445262554,0.0055599244136000005,0.0151284063866,-0.0461938567411
0.0023184772465999,0.0068554126968999,0.0092494932642,0.0160293026403997,0.0115679705107999,0.0183477798869996,0.4736249911971967,2.3573777999000116e-06,0.14228140560179459,4.926943799989959e-05,1.9593855968079974,5.6887193999998614e-06,0.758187802400788,0.00010089625379969963,2.433010588005192,8.046097199898572e-06,1.2318127935979861,0.00010325363159960008,-0.0026815227534001,0.0103477798869996,0.005567970510799899,0.0152293026403997,-0.0461445873031001
0.0023208475031,0.0069048708486,0.0092552128956,0.0161305892003,0.0115760603987,0.0184514367034,0.47826431594689656,2.3702565001000424e-06,0.15604168914729455,4.945815170010002e-05,1.9778903029677974,5.7196313999995085e-06,0.790347694241488,0.00010128655990029878,2.4561546189146917,8.089887900099985e-06,1.2686120101883853,0.00010365681640039925,-0.0026791524969,0.0104514367034,0.005576060398699999,0.0153305892003,-0.0460951291514
0.002323230197,0.0069545130438,0.0092609622692999,0.0162322562846,0.0115841924662999,0.0185554864816,0.48290839364699656,2.3826938999999513e-06,0.1699010730396946,4.9642195200000176e-05,1.9964064781326976,5.749373699900223e-06,0.8227105397263879,0.00010166708430000074,2.4793148717796916,8.132067599900608e-06,1.3056189333733856,0.00010404977819999939,-0.002676769803,0.010555486481599999,0.0055841924662999,0.0154322562846,-0.0460454869562
0.0023256249375,0.0070043349302,0.0092667403457,0.0163342947979,0.0115923652832,0.0186599197354,0.4875572487814966,2.3947405000000407e-06,0.18385992101369464,4.982188639999965e-05,2.0149341807476975,5.778076400101209e-06,0.8552770908088876,0.00010203851329999847,2.502491429529192,8.172816900100383e-06,1.342834339590386,0.00010443325379999938,-0.0026743750625,0.010659919735399998,0.0055923652832,0.015534294797899998,-0.0459956650698
0.002328031385,0.0070543324805,0.0092725462175,0.016436696346,0.0116005776025,0.018764727731,0.49221090510399657,2.4064475000000994e-06,0.19791858842439458,4.999755030000042e-05,2.0334734673108974,5.8058717999995985e-06,0.8880480819527872,0.00010240154810000138,2.525684372414892,8.212319300000132e-06,1.380258987056786,0.00010480799560000018,-0.002671968615,0.010764727730999998,0.0056005776025,0.015636696346,-0.0459456675195
0.0023304492518,0.0071045019975,0.0092783791122,0.0165394532468,0.011608828364000002,0.018869902498600002,0.49686938574079653,2.41786680000005e-06,0.21207742290239462,5.0169517000000184e-05,2.0520243926405977,5.832894700000604e-06,0.9210242315455872,0.00010275690079999955,2.548893778381392,8.250761500001522e-06,1.4178936172863859,0.00010517476760000394,-0.0026695507482,0.010869902498600002,0.005608828364000002,0.0157394532468,-0.0458954980025
0.0023328783028,0.0071548401183,0.0092842383929999,0.0166425585394,0.0116171166957999,0.0189754368422,0.5015327132953965,2.429050999999769e-06,0.22633676501819466,5.033812079999981e-05,2.0705870101457977,5.859280799899377e-06,0.9542062433317868,0.00010310529259999895,2.572119723441192,8.288331799898713e-06,1.4557389566271857,0.00010553434359999656,-0.0026671216972,0.010975436842199999,0.0056171166957999005,0.0158425585394,-0.0458451598817
0.0023353183559999,0.007205343818,0.0092901235605,0.0167460059919999,0.0116254419164999,0.0190813243479998,0.5062009099541964,2.440053199900035e-06,0.24069694895449456,5.050369969999968e-05,2.089161372099298,5.8851675000994724e-06,0.9875948078631867,0.00010344745259990157,2.595362282053492,8.325220699999941e-06,1.4937957178173855,0.0001058875057998003,-0.0026646816440001,0.0110813243479998,0.0056254419164999,0.0159460059919999,-0.045794656182
0.0023377692826999,0.0072560104114999,0.0092960342532,0.016849790105699702,0.0116338035358999,0.0191875593883996,0.5108739975928962,2.4509266999999182e-06,0.25515830318399435,5.066659349990069e-05,2.1077475299129977,5.910692700001122e-06,1.0211906039608865,0.00010378411369980217,2.6186215275058915,8.361619400000173e-06,1.5320646015537847,0.00010623504039980122,-0.0026622307173001,0.0111875593883996,0.005633803535899901,0.016049790105699704,-0.045743989588500095
0.0023402310076,0.007306837555,0.009301970248,0.0169539061176,0.0116422012556,0.0192941371252,0.5155519978831962,2.461724900100059e-06,0.2697211511504942,5.082714350009964e-05,2.126345534414198,5.935994799999636e-06,1.054994300184186,0.00010411601190029804,2.641897532297391,8.397719700100129e-06,1.5705462980673843,0.00010657773680039853,-0.0026597689924,0.011294137125199999,0.005642201255600001,0.016153906117600002,-0.045693162445
0.002342703509,0.0073578232461,0.00930793146,0.0170583500012,0.011650634969,0.019401053510200002,0.5202349323997961,2.472501399999969e-06,0.2843858119515942,5.0985691100000063e-05,2.144955436122198,5.9612119999996604e-06,1.0890065563029858,0.00010444388359999793,2.6651903685219915,8.433713399999196e-06,1.609241488702784,0.00010691638500000267,-0.002657296491,0.011401053510200002,0.005650634969,0.0162583500012,-0.0456421767539
0.0023451868181999,0.0074089658224999,0.0093139179421,0.0171631184631997,0.0116591047602999,0.0195083052813996,0.524922822726996,2.4833091999002313e-06,0.29915260102019414,5.114257639989971e-05,2.163577285524298,5.986482100000037e-06,1.1232280247673854,0.00010476846199970052,2.688500108251292,8.469791299899401e-06,1.6481508474943833,0.00010725177119959989,-0.0026548131818001,0.011508305281399601,0.005659104760299899,0.0163631184631997,-0.0455910341775001
0.0023476810196999,0.0074602639602,0.0093199298841,0.0172682089400999,0.0116676109037999,0.0196158899597998,0.5296156905648959,2.494201499999866e-06,0.31402183080289414,5.129813770010042e-05,2.182211133350498,6.011941999999049e-06,1.157659352170685,0.00010509047690020201,2.7118268239153913,8.506143500000216e-06,1.6872750427355827,0.00010758467840019798,-0.0026523189803001,0.0116158899597998,0.0056676109037998995,0.016468208940099902,-0.0455397360398
0.00235018625,0.0075117166707,0.0093259676113,0.0173736195914,0.0116761538613,0.0197238058414,0.5343135578345958,2.5052303001000392e-06,0.32899381143379425,5.1452710499999554e-05,2.200857030845898,6.037727200000273e-06,1.192301180702185,0.00010541065130009741,2.735170588680491,8.542957500100312e-06,1.7266147385367825,0.00010791588160019919,-0.00264981375,0.011723805841399999,0.0056761538613,0.0165736195914,-0.0454882833293
0.0023527026975,0.0075633232962,0.0093320315824999,0.017479349289899998,0.0116847342799999,0.0198320519874,0.5390164467820958,2.51644749999988e-06,0.3440688514006942,5.1606625499999934e-05,2.2195150300396977,6.063971199900611e-06,1.2271541495834852,0.00010572969849999975,2.7585314768217915,8.580418699900491e-06,1.7661705963655825,0.00010824614599999963,-0.0026472973025,0.011832051987399998,0.0056847342799999,0.0166793492899,-0.0454366767038
0.0023552306013,0.0076150835051,0.0093381223887,0.0175853976115,0.01169335299,0.019940628212800002,0.5437243800808957,2.5279038000001162e-06,0.3592472582019941,5.176020890000025e-05,2.2381851840108977,6.090806200099996e-06,1.262218896484885,0.00010604832160000105,2.7819095640917912,8.618710000098811e-06,1.8059432765657828,0.00010857622540000333,-0.0026447693987,0.011940628212800002,0.005693352989999999,0.0167853976115,-0.0453849164949
0.0023577702506,0.0076669972855,0.0093442407492999,0.017691764821600002,0.0117020109998999,0.0200495350722,0.5484373809327958,2.5396492999998042e-06,0.3745293389925941,5.1913780400000484e-05,2.2568675471488975,6.118360599900036e-06,1.297496058917985,0.00010636721010000294,2.8053049280816915,8.658009899900274e-06,1.845933439850783,0.00010890685939999797,-0.0026422297494000002,0.0120495350722,0.005702010999899899,0.016891764821600003,-0.0453330027145
0.002360321983,0.0077190649379,0.0093503875104,0.0177984518588,0.0117107094934,0.0201587738418,0.5531554731663959,2.5517323999999647e-06,0.3899154012159942,5.2067652399999734e-05,2.2755621754085973,6.146761100099887e-06,1.332986275598385,0.0001066870371999977,2.828717648574991,8.698493500099852e-06,1.886141748764783,0.0001092387695999994,-0.0026396780170000003,0.012158773841799999,0.005710709493399999,0.0169984518588,-0.0452809350621
0.0023628861838,0.0077712870673,0.0093565636406,0.0179054603184,0.0117194498244,0.0202683465022,0.557878681333196,2.5642008000003637e-06,0.4054057532211942,5.22221293999996e-05,2.2942691265595974,6.176130200000185e-06,1.368690187775585,0.00010700845959999913,2.8521478078927913,8.740331000000115e-06,1.9265688691087828,0.0001095726604000008,-0.0026371138162,0.0122683465022,0.005719449824399999,0.0171054603184,-0.0452287129327
0.0023654632841,0.0078236645738,0.0093627702276,0.0180127924317,0.011728233511700001,0.0203782557158,0.562607030801096,2.5771002999997773e-06,0.42100070486229413,5.237750650000008e-05,2.312988460427797,6.20658700000061e-06,1.404608440525685,0.0001073321132999995,2.875595491228891,8.783687300001689e-06,1.9672154713267824,0.00010990921360000058,-0.0026345367159,0.0123782557158,0.005728233511700001,0.0172127924317,-0.0451763354262
0.0023680537594,0.0078761986429,0.0093690084743,0.0181204510452,0.0117370622337,0.0204885048046,0.5673405478445959,2.59047530000011e-06,0.43670056807899416,5.253406909999994e-05,2.331720239129697,6.238246699999395e-06,1.440741684002585,0.00010765861350000086,2.899060786974291,8.828721999998637e-06,2.0080822318471823,0.00011024908879999837,-0.0026319462406,0.012488504804599999,0.0057370622337,0.0173204510452,-0.0451238013571
0.0023706581282,0.0079288907341,0.0093752796937999,0.0182284395964,0.0117459378219999,0.020599097724600002,0.572079259732196,2.6043687999998885e-06,0.45250565745599414,5.269209120000069e-05,2.350464527297797,6.271219499899561e-06,1.477090574644185,0.00010798855120000214,2.922543787029991,8.875588299900317e-06,2.0491698343763822,0.0001105929200000029,-0.0026293418718,0.012599097724600002,0.0057459378219999,0.017428439596400003,-0.045071109265899995
0.0023732769493,0.0079817425693,0.0093815853056,0.0183367620879,0.0117548622549,0.0207100390372,0.5768231948096959,2.618821099999863e-06,0.46841629075939406,5.285183519999903e-05,2.369221392297197,6.305611800100017e-06,1.5136557763284848,0.00010832249149999792,2.9460445871068908,8.92443290009988e-06,2.0904789711381824,0.00011094131259999779,-0.0026267230507000003,0.0127100390372,0.0057548622549,0.0175367620879,-0.045018257430699996
0.0023759108209,0.00803475612,0.0093879268292,0.0184454230609,0.0117638376501,0.0208213338818,0.581572382579896,2.6338716000002226e-06,0.48443278944869417,5.301355070000055e-05,2.387990904431997,6.3415236000001485e-06,1.5504379614772847,0.00010866097300000002,2.969563287011891,8.975395200000805e-06,2.132010344057182,0.00011129484459999894,-0.0026240891791,0.012821333881799998,0.005763837650100001,0.0176454230609,-0.04496524388
0.0023785603776,0.0080879335939999,0.00939430588,0.0185544275655998,0.0117728662576,0.0209329879431998,0.5863268537783959,2.649556699999868e-06,0.500555479162694,5.317747399989983e-05,2.406773137141197,6.379050800000424e-06,1.5874378121037844,0.00010900450469980213,2.993099990919591,9.028607499999425e-06,2.1737646658821816,0.00011165406139980114,-0.0026214396224,0.0129329879431998,0.0057728662576,0.017754427565599803,-0.044912066406000095
0.0023812262888,0.0081412774209,0.0094007241625,0.0186637811306,0.0117819504513,0.0210450074194,0.5910866404447959,2.6659112000002212e-06,0.5167846901775939,5.3343826900099575e-05,2.425568167183697,6.4182825000001775e-06,1.6246560207999843,0.00010935356500019894,3.016654807628491,9.084193699999965e-06,2.215742661244782,0.00011201947620019873,-0.0026187737112,0.013045007419399998,0.0057819504513,0.017863781130600002,-0.0448587225791
0.002383909256,0.0081947902373,0.0094071834648999,0.018773489730599998,0.011791092720899898,0.021157398986599997,0.5958517759895958,2.682967199999723e-06,0.5331207578357938,5.351281640000004e-05,2.444376074811097,6.45930239989885e-06,1.6620932916611841,0.00010970859999999763,3.040227850800691,9.14226959989814e-06,2.257945067650782,0.00011239156719999865,-0.0026160907440000002,0.013157398986599997,0.005791092720899898,0.0179734897306,-0.0448052097627
0.0023866100104,0.0082484748708,0.0094136856527,0.018883559752,0.011800295663099999,0.0212701697624,0.6006222952559959,2.700754399999946e-06,0.5495640229438938,5.3684633500000745e-05,2.463196943928697,6.5021878001003675e-06,1.699750341143784,0.0001100700214000036,3.0638192391846912,9.202942200100747e-06,2.300372636399782,0.00011277077580000225,-0.0026133899896000003,0.013270169762399999,0.005800295663099999,0.018083559752000003,-0.0447515251292
0.0023893293106,0.0083023343241,0.0094202326619999,0.0189939979588,0.0118095619725999,0.0213833272694,0.6053982345769959,2.7193002000002603e-06,0.5661148321387939,5.385945329999982e-05,2.4820308622433966,6.547009299900236e-06,1.7376278988545841,0.00011043820679999816,3.087429096820391,9.266309499900496e-06,2.3430261334315823,0.00011315750700000016,-0.0026106706894,0.0133833272694,0.0058095619725998995,0.0181939979588,-0.0446976656759
0.0023920679398,0.0083563717579,0.009426826493,0.019104811455599998,0.011818894432799999,0.021496879395399997,0.6101796318273959,2.738629199999787e-06,0.5827735382207939,5.403743379999923e-05,2.5008779213983967,6.593831000099512e-06,1.7757267082689843,0.00011081349679999825,3.111057553225791,9.332460200099299e-06,2.3859063400963816,0.00011355212599999803,-0.0026079320602000002,0.013496879395399997,0.005818894432799999,0.0183048114556,-0.0446436282421
0.0023948267033,0.0084105904731,0.0094334692025,0.0192160076495,0.0118282959058,0.0216108343528,0.6149665264704959,2.7587635000000423e-06,0.5995405004517939,5.421871519999989e-05,2.5197382170938964,6.64270949999983e-06,1.8140475273740841,0.00011119619390000113,3.134704743564391,9.401473000001173e-06,2.4290140538445817,0.00011395495740000247,-0.0026051732967,0.0136108343528,0.0058282959058,0.0184160076495,-0.0445894095269
0.0023976064252,0.0084649938935,0.0094401628975,0.0193275942122,0.0118377693227,0.0217252006374,0.619758959598996,2.7797218999999103e-06,0.6164160848183939,5.440342040000101e-05,2.5386118491938965,6.693695000000582e-06,1.852591129235784,0.0001115865627000015,3.1583708087928914,9.473416900000059e-06,2.472350088834781,0.00011436628460000098,-0.0026023935748000003,0.0137252006374,0.0058377693227,0.018527594212200002,-0.0445350061065
0.0024004079463,0.0085195855467,0.009446909727,0.0194395790397,0.0118473176733,0.021839986986,0.6245569739704959,2.8015211000001483e-06,0.633400664258594,5.4591653199998966e-05,2.5574989218183966,6.7468295000001205e-06,1.8913583024876839,0.00011198482749999808,3.182055895788891,9.548350600000269e-06,2.5159152764581814,0.00011478634859999823,-0.0025995920537,0.013839986985999999,0.0058473176733,0.0186395790397,-0.0444804144533
0.0024032321205,0.0085743690456,0.009453711875,0.0195519702117,0.0118569439955,0.0219552023322,0.6293606140372959,2.82417420000014e-06,0.6504946188508939,5.4783498900000394e-05,2.576399543420396,6.802147999999605e-06,1.930349851739084,0.00011239117200000093,3.205760157457691,9.626322199999746e-06,2.559710465776381,0.00011521534620000107,-0.0025967678795,0.0139552023322,0.0058569439955,0.0187519702117,-0.0444256309544
0.0024060798123,0.0086293480691,0.0094605715529,0.0196647759505,0.0118666513652,0.0220708557628,0.6341699259700959,2.8476917999999303e-06,0.6676983359655938,5.4979023500000695e-05,2.5953138268482965,6.859677899999708e-06,1.9695665979012842,0.00011280573880000089,3.2294837528183913,9.707369699999205e-06,2.603736523871381,0.00011565343060000038,-0.0025939201877,0.0140708557628,0.005866651365199999,0.018864775950500002,-0.0443706519309
0.0024089518935,0.0086845263429,0.0094674909912,0.0197780045793,0.011876442884700002,0.0221869564728,0.6389849576758959,2.8720811999999665e-06,0.6850122103775937,5.517827379999951e-05,2.6142418893923964,6.919438300001524e-06,2.0090093784310845,0.00011322862879999812,3.2532268470682912,9.791519500002357e-06,2.647994336106981,0.00011610071000000069,-0.0025910481065,0.014186956472800001,0.005876442884700002,0.0189780045793,-0.0443154736571
0.0024118492405,0.0087399076193,0.0094744724321,0.0198916644791,0.011886321672599998,0.0223035137196,0.643805758809896,2.8973469999998835e-06,0.7024366443397938,5.538127640000029e-05,2.6331838528156966,6.981440899998456e-06,2.0486790474894843,0.00011365989980000046,3.2769896116255914,9.878787899996605e-06,2.692484806299381,0.00011655724680000035,-0.0025881507595000002,0.014303513719600001,0.005886321672599998,0.0190916644791,-0.0442600923807
0.0024147727308,0.0087954956575,0.0094815181212,0.020005764045799998,0.011896290851999999,0.022420536776599997,0.648632380781196,2.9234902999999805e-06,0.7199720476165938,5.558803819999923e-05,2.6521398433689964,7.045689099999947e-06,2.088576476014384,0.00011409956669999888,3.3007722241501916,9.96917940000036e-06,2.737208856795581,0.00011702305699999582,-0.0025852272692000002,0.014420536776599997,0.0058962908519999985,0.0192057640458,-0.0442045043425
0.0024177232401,0.0088512942037999,0.0094886303001,0.0201203116476998,0.0119063535402,0.022538034887799797,0.6534648767520961,2.9505093000000045e-06,0.7376188374778938,5.5798546299900414e-05,2.6711099917902965,7.112178900000807e-06,2.1287025517078844,0.0001145476018998004,3.3245748685423915,1.0062688200002112e-05,2.7821674284599807,0.00011749811119979997,-0.0025822767599000002,0.014538034887799797,0.005906353540200001,0.0193203116476998,-0.0441487057962001
0.0024207016394,0.0089073069711,0.0094958111974,0.020235315581599998,0.011916512836800001,0.022656017220999997,0.658303301631596,2.9783993000000175e-06,0.7553774386527936,5.6012767300099575e-05,2.690094433287796,7.180897300000655e-06,2.169058178937184,0.00011500393390019917,3.3483977349193914,1.0159296600000672e-05,2.8273614805687806,0.00011798233320019919,-0.0025792983606,0.014656017220999996,0.005916512836800001,0.0194353155816,-0.044092693028899996
0.0024237087914999,0.0089635376188,0.0095030630216,0.0203507840290999,0.0119267718130999,0.0227744928205998,0.663147712062496,3.0071520999001324e-06,0.7732482832426937,5.62306477000004e-05,2.7090933075067962,7.251824199999701e-06,2.2096442785478834,0.00011546844749990223,3.372241019569291,1.02589762998994e-05,2.8727919906103803,0.00011847559959980367,-0.0025762912085001,0.0147744928205998,0.005926771813099901,0.0195507840290999,-0.0440364623812
0.0024267455482,0.009019989733,0.0095103879525,0.0204667250142,0.0119371335007,0.0228934705624,0.6679981664021959,3.036756700099813e-06,0.7912318105944938,5.645211420000039e-05,2.7281067584808962,7.3249308999989715e-06,2.2504617875911834,0.00011594098510010059,3.396104924883091,1.0361687600098785e-05,2.91845995399338,0.0001189777418002004,-0.0025732544518000003,0.0148934705624,0.0059371335006999995,0.019666725014200002,-0.043980010267
0.002429812747,0.0090766668062,0.0095177881332999,0.0205831463594,0.0119476008802999,0.0230129591064,0.6728547246973959,3.06719880000016e-06,0.8093284671336937,5.667707319999965e-05,2.747134934566696,7.400180799900513e-06,2.2915116589647835,0.00011642134519999903,3.41998965926409,1.046737959990024e-05,2.9643663836621803,0.00011948854399999875,-0.002570187253,0.0150129591064,0.0059476008802999,0.0197831463594,-0.0439233331938
0.0024329112080999,0.0091335722172,0.0095252656629,0.020700055642499902,0.0119581768709999,0.0231329668505998,0.6777174486524957,3.098461099900005e-06,0.8275387061570937,5.690541100000085e-05,2.7661779883628963,7.4775296001004105e-06,2.3327948609666835,0.000116909283099903,3.4438954370153896,1.0575990699999982e-05,3.01051230961918,0.00012000774419980084,-0.0025670887919001,0.0151329668505998,0.0059581768709999,0.019900055642499904,-0.0438664277828
0.0024360417315999,0.0091907092122,0.0095328225878,0.0208174601559999,0.0119688643193999,0.023253501887599802,0.6825864015921956,3.1305234999999196e-06,0.8458629875864937,5.713699500000009e-05,2.7852360766135966,7.556924899999179e-06,2.3743123767651833,0.0001174045134999975,3.467822478205789,1.0687448399999966e-05,3.0568987783573798,0.00012053503700000176,-0.0025639582684001,0.015253501887599802,0.0059688643193999,0.0200174601559999,-0.0438092907878
0.002439205094,0.0092480808844,0.0095404608943,0.0209353668628,0.0119796659883,0.0233745719568,0.6874616484177956,3.163362400099984e-06,0.8643017776830937,5.7371672199999293e-05,2.8043093600956963,7.638306499999775e-06,2.416065203783983,0.00011790670680009857,3.4917710085134894,1.0801668900099759e-05,3.103526852201779,0.00012107006920019855,-0.002560794906,0.0153745719568,0.0059796659882999995,0.0201353668628,-0.0437519191156
0.0024424020458,0.0093056901557,0.0095481825011,0.0210537823572,0.0119905845469,0.023496184402999998,0.6923432555575955,3.1969517999999413e-06,0.8828555487231937,5.760927129999996e-05,2.8233980034910964,7.721606800001335e-06,2.458054353003983,0.00011841549440000029,3.5157412590486894,1.0918558599999975e-05,3.150397608561579,0.0001216124461999972,-0.0025575979542000003,0.015496184402999998,0.005990584546899999,0.0202537823572,-0.0436943098443
0.0024456333079,0.0093635397574,0.0095559892516,0.021172712822699998,0.0120016225595,0.023618346130599998,0.6972312909112954,3.2312621000003643e-06,0.9015247786362938,5.7849601699999295e-05,2.842502175243796,7.806750499999779e-06,2.500280848183883,0.00011893046549999939,3.539733466155089,1.1038012600000577e-05,3.1975121390951786,0.00012216172760000019,-0.0025543666921,0.015618346130599998,0.0060016225595,0.0203727128227,-0.0436364602426
0.0024488995698,0.0094216322124,0.0095638829065,0.0212921639946,0.012012782476299999,0.0237410635644,0.7021258237889954,3.2662618999999837e-06,0.9203099506060938,5.809245500000039e-05,2.8616220474018963,7.89365489999895e-06,2.542745725001183,0.00011945117190000076,3.563747871190889,1.1159916799998934e-05,3.2448715487901785,0.00012271743380000075,-0.0025511004302,0.0157410635644,0.006012782476299999,0.0204921639946,-0.0435783677876
0.0024522014856,0.0094799698166,0.0095718651368999,0.0214121411188,0.0120240666224999,0.023864342604400002,0.7070269248443954,3.301915799999895e-06,0.9392115526350938,5.8337604200001114e-05,2.8807577954452963,7.982230399900675e-06,2.585450030114583,0.00011997712420000126,3.5877847202896893,1.1284146199901438e-05,3.292476954958979,0.00012327904000000375,-0.0025477985144,0.015864342604400002,0.0060240666224999,0.0206121411188,-0.0435200301834
0.0024555396723,0.0095385546223,0.0095799375172,0.0215326489169,0.0120354771895,0.0239881885892,0.7119346660022954,3.3381866999999434e-06,0.9582300770739938,5.858480569999845e-05,2.899909598099396,8.072380300100032e-06,2.628394820150283,0.00012050779809999815,3.611844264101689,1.1410567000099542e-05,3.340329486152579,0.00012384598479999592,-0.0025444603277,0.015988188589199998,0.0060354771895,0.0207326489169,-0.0434614453777
0.0024589147068,0.009597388421,0.0095881015185,0.0216536915488,0.0120470162253,0.0241126062556,0.7168491203813954,3.375034499999985e-06,0.9773660201172937,5.8833798700001425e-05,2.9190776371350955,8.164001299999779e-06,2.671581160615983,0.00012104263190000283,3.635926757516489,1.1539035799999764e-05,3.3884302809973788,0.00012441766640000282,-0.0025410852932,0.0161126062556,0.0060470162253,0.020853691548800003,-0.043402611578999994
0.0024623271233,0.0096564727272999,0.0095963585018,0.0217752725778998,0.012058685625099999,0.024237599701199798,0.7217703622114954,3.4124164999998e-06,0.9966198812655935,5.908430629989955e-05,2.9382620971553957,8.25698330000034e-06,2.7150101247426828,0.00012158102909979804,3.6600324593668896,1.1669399799999272e-05,3.436780486954178,0.00012499344559979697,-0.0025376728767000003,0.016237599701199798,0.006058685625099999,0.0209752725778998,-0.0433435272727001
0.002465777411,0.0097158087635,0.0096047097119,0.021897394938,0.0120704871229,0.024363172349,0.7266984667457953,3.450287700000002e-06,1.0159921627563935,5.933603620010032e-05,2.957463165369096,8.35121010000009e-06,2.7586827922585826,0.00012212236010020194,3.684161632114889,1.1801497800001393e-05,3.4853812590043782,0.00012557264780020325,-0.0025342225890000003,0.016363172349,0.0060704871229,0.021097394938000003,-0.0432841912365
0.002469266012,0.0097753974447,0.0096131562718999,0.0220200609014,0.012082422283899899,0.0244893269134,0.7316335101687953,3.4886010000000425e-06,1.0354833689645935,5.958868120000023e-05,2.9766810313528955,8.446559999899378e-06,2.8026002480979826,0.00012266596339999963,3.708314541521689,1.1935160999898553e-05,3.5342337582667787,0.0001261545643999988,-0.0025307339880000002,0.0164893269134,0.006082422283899899,0.021220060901400002,-0.0432246025553
0.0024727933187,0.0098352393647999,0.0096216991768,0.0221432720482998,0.012094492495499999,0.024616065366999798,0.7365755694994953,3.527306700000163e-06,1.0550940057740934,5.984192009989876e-05,2.995915886801596,8.542904900099568e-06,2.8467635810476826,0.00012321114689979942,3.7324914563010885,1.2070211600099731e-05,3.583339150547178,0.00012673845359979785,-0.0025272066813,0.016616065366999798,0.006094492495499999,0.0213432720482998,-0.0431647606352001
0.0024763596719,0.0098953347831,0.0096303392885,0.0222670292381,0.0121066989604,0.02474338891,0.7415247224900953,3.566353200000049e-06,1.0748245799219933,6.009541830010075e-05,3.015167925266896,8.640111700000674e-06,2.8911738823340825,0.0001237571898001985,3.7566926477569886,1.2206464900001157e-05,3.6326986048241774,0.00012732354300020246,-0.0025236403281,0.01674338891,0.0061066989604,0.0214670292381,-0.0431046652169
0.0024799653591,0.0099556836119,0.0096390773309,0.0223913325829,0.01211904269,0.024871297942,0.7464810475210953,3.6056871999998706e-06,1.0946755983169933,6.0348828799999116e-05,3.0344373418862958,8.738042399999632e-06,2.9358322441550824,0.00012430334480000027,3.780918389407388,1.2343729599999936e-05,3.682313291676177,0.00012790903199999884,-0.0025200346409,0.016871297942,0.00611904269,0.0215913325829,-0.043044316388099996
0.0024836106125,0.010016285405,0.0096479138852,0.0225161814225,0.0121315244977,0.024999792035000003,0.7514446234926954,3.645253400000239e-06,1.1146475673338934,6.060179310000101e-05,3.0537243331023953,8.83655429999991e-06,2.980739758160482,0.00012484883960000095,3.8051689565950877,1.2481807700000583e-05,3.732184381653177,0.00012849409300000336,-0.0025163893875,0.016999792035000003,0.0061315244977,0.0217161814225,-0.042983714595
0.0024872956069,0.010077139348,0.009656849385,0.022641574302899998,0.012144144991899999,0.025128869909799997,0.7564155297120954,3.684994399999735e-06,1.1347409920868934,6.085394299999887e-05,3.0730290963725957,8.935499799999844e-06,3.025897513885882,0.0001253928803999979,3.8294446260846877,1.2620494199998278e-05,3.782313043597977,0.0001290778747999946,-0.0025127043931,0.017128869909799997,0.006144144991899999,0.0218415743029,-0.042922860652
0.002491020459,0.0101382442449999,0.009665884113,0.0227675089489998,0.012156904571999999,0.0252585294079998,0.7613938457779954,3.724852100000023e-06,1.1549563756798933,6.110489699990077e-05,3.0923518298705956,9.034728000000339e-06,3.0713065971377813,0.0001259346460998033,3.853745675648587,1.2759580100000362e-05,3.8327004429157765,0.00012965949819980158,-0.002508979541,0.0172585294079998,0.006156904571999999,0.021967508948999803,-0.0428617557550001
0.0024947852251999,0.010199598515,0.0096750181972999,0.0228939822551999,0.012169803422499799,0.0253887674803998,0.7663796514621952,3.764766199900252e-06,1.1752942184398933,6.135427000009998e-05,3.1116927321808956,9.134084299899578e-06,3.1169680883419812,0.00012647330620009847,3.8780723836430875,1.289885049979983e-05,3.8833477398041762,0.00013023807240000046,-0.0025052147748001,0.0173887674803998,0.006169803422499799,0.0220939822551999,-0.042800401485
0.0024985899011,0.010261200179,0.0096842516076,0.0230209902591,0.012182841508699999,0.0255195801602,0.7713730265884952,3.804675900099825e-06,1.1957550171338933,6.160166400000049e-05,3.1310520019857955,9.233410300100303e-06,3.1628830608562812,0.00012700800390010036,3.9024250285742874,1.3038086200199694e-05,3.9342560874447763,0.00013081267980019975,-0.0025014100989,0.0175195801602,0.0061828415086999985,0.0222209902591,-0.042738799821
0.0025024344195,0.010323046857,0.0096935841531,0.023148528133499997,0.0121960185726,0.025650962553,0.7763740509090952,3.84451839999982e-06,1.2163392641698934,6.184667799999898e-05,3.150429837746495,9.332545500000122e-06,3.2090525792488815,0.00012753787439999734,3.926803888655588,1.3177063900001243e-05,3.985426630157976,0.0001313823928000002,-0.0024975655805000003,0.017650962553,0.0061960185726,0.0223485281335,-0.042676953143
0.0025063186503,0.010385135761,0.0097030154795,0.0232765901723,0.0122093341298,0.0257829088226,0.7813828039788951,3.884230800000211e-06,1.2370474467878934,6.208890399999993e-05,3.169826437379095,9.43132639999976e-06,3.2554776975546815,0.0001280620388000031,3.951209241357988,1.3315557199999536e-05,4.036860501533576,0.00013194626959999942,-0.0024936813497,0.0177829088226,0.006209334129799999,0.022476590172300002,-0.042614864239
0.0025102423994,0.010447463689,0.0097125450675,0.0234051697774,0.0122227874669,0.0259154121768,0.7863993650285951,3.923749099999773e-06,1.2578800462378932,6.232792800000067e-05,3.1892419979260955,9.52958800000056e-06,3.302159457504381,0.00012857960509999808,3.975641362954688,1.3453337100000767e-05,4.088558822532976,0.00013250335420000176,-0.0024897576006000003,0.0179154121768,0.0062227874669,0.0226051697774,-0.042552536311
0.0025142054078,0.0105100270219999,0.0097221722307999,0.0235342594517998,0.0122363776385999,0.0260484648595998,0.7914238128357951,3.96300840000037e-06,1.2788375369488931,6.256333299990008e-05,3.208676715224396,9.627163299899544e-06,3.349098886733581,0.00012908967439980226,4.000100528060187,1.3590171699899914e-05,4.140522699569376,0.0001330526827998009,-0.0024857945922,0.0180484648595998,0.0062363776385999,0.022734259451799802,-0.0424899729780001
0.0025182073516999,0.010572821722,0.0097318961148,0.0236638507956999,0.0122501034664999,0.0261820581473998,0.7964562255952949,4.001943899899652e-06,1.299920385692893,6.279470000009925e-05,3.2281307835699957,9.723884000100227e-06,3.396296996981081,0.00012959134390009772,4.0245870091652876,1.3725827899999446e-05,4.192753222576375,0.00013359328779999693,-0.0024817926483001003,0.018182058147399798,0.006250103466499899,0.0228638507956999,-0.042427178278
0.0025222478415,0.0106358433309999,0.0097417156965,0.0237939345034998,0.012263963538,0.0263161823449998,0.8014966807884949,4.040489800100078e-06,1.3211290507458928,6.302160899990077e-05,3.2476043953812956,9.819581700000121e-06,3.4437547822802803,0.0001300837077999016,4.049101076169787,1.3860071500100199e-05,4.245251463068775,0.0001341241976000017,-0.0024777521585,0.0183161823449998,0.006263963538,0.0229939345034998,-0.0423641566690001
0.0025263264224,0.010699086967,0.0097516297833999,0.023924500356399998,0.012277956205799901,0.0264508267788,0.8065452550523948,4.0785809000002185e-06,1.3424639810438928,6.32436360000991e-05,3.267097740861195,9.914086899900226e-06,3.4914732171401806,0.00013056585290019754,4.073642995913588,1.3992667799901312e-05,4.298018472192575,0.00013464443380020036,-0.0024736735776,0.0184508267788,0.006277956205799901,0.0231245003564,-0.042300913033
0.0025304425739,0.01076254733,0.0097616370141,0.024055537233900002,0.012292079588,0.0265859798078,0.8116020240486947,4.1161514999998004e-06,1.363925615340893,6.346036300000114e-05,3.2866110076586947,1.0007230700100761e-05,3.5394532547304802,0.00013103687750000426,4.098213031707387,1.412338220009926e-05,4.3510552787791745,0.00013515302899999929,-0.0024695574261,0.0185859798078,0.006292079588,0.023255537233900003,-0.042237452669999995
0.0025345957103,0.010826218699,0.0097717358586,0.0241870331083,0.0123063315689,0.0267216288186,0.8166670623328948,4.153136400000031e-06,1.385514381369893,6.367136900000021e-05,3.306144380531395,1.0098844499999496e-05,3.5876958250726805,0.00013149587439999916,4.122811442864288,1.4251980899999961e-05,4.404362887405575,0.00013564901080000136,-0.0024654042897,0.0187216288186,0.0063063315689,0.023387033108300002,-0.042173781300999996
0.0025387851809,0.010890094937,0.0097819246195,0.0243189750549,0.0123207098004,0.0268577602358,0.8217404432240947,4.18947059999987e-06,1.407230695005893,6.387623799999909e-05,3.325698041009495,1.018876090000051e-05,3.63620183323588,0.00013194194659999978,4.147438484233588,1.437823150000038e-05,4.457942276459974,0.0001361314171999979,-0.0024612148191000003,0.0188577602358,0.0063207098004000005,0.023518975054900002,-0.042109905063
0.0025430102706,0.010954169496,0.0097922014329,0.024451349262599998,0.0123352117035,0.0269943595332,0.8268222386755947,4.225089700000094e-06,1.429074959438893,6.407455899999984e-05,3.345272167061895,1.0276813399998433e-05,3.6849721575533803,0.00013237420769999717,4.172094405737488,1.4501903099999394e-05,4.511794396228974,0.0001365992974000016,-0.0024569897294,0.0189943595332,0.0063352117035,0.0236513492626,-0.042045830504
0.0025472702004999,0.011018435419,0.0098025642707,0.024584141038499898,0.0123498344711999,0.0271314112389998,0.8319125191466946,4.259929899900084e-06,1.4510475643538931,6.42659230000002e-05,3.3648669327654948,1.036283780000112e-05,3.73400764785448,0.00013279177589990004,4.196779451912187,1.4622767699900771e-05,4.565920167001174,0.0001370517057997997,-0.0024527297995001,0.0191314112389998,0.006349834471199901,0.0237841410384999,-0.041981564581
0.0025515641289,0.0110828853469999,0.0098130109427,0.0247173348228998,0.0123645750716,0.0272688989517998,0.8370113534760945,4.293928400100119e-06,1.4731488851198928,6.444992799990029e-05,3.384482507978895,1.044667199999981e-05,3.78330912371588,0.00013319378439990287,4.221493861454986,1.4740600400098627e-05,4.6203204771919735,0.00013748771279999822,-0.0024484358711,0.0192688989517998,0.006364575071599999,0.023917334822899802,-0.0419171146530001
0.0025558911521,0.011147511529,0.0098235390989,0.0248509142101,0.012379430251,0.027406805362200002,0.8421188087570944,4.327023199999797e-06,1.4953792819958929,6.462618200010067e-05,3.404119058020495,1.0528156200000083e-05,3.832877372748879,0.0001335793872002007,4.246237866777586,1.4855179400001181e-05,4.674996181505974,0.00013790641040020354,-0.0024441088479,0.019406805362200002,0.0063794302510000005,0.024050914210100003,-0.041852488470999996
0.0025602503061,0.011212305826,0.0098341462332,0.0249848619581,0.012394396539299999,0.0275451122642,0.8472349502152945,4.359154000000039e-06,1.5177390993508928,6.479429699999921e-05,3.423776743352595,1.0607134299999224e-05,3.8827131489170794,0.0001339477479999976,4.271011693567886,1.4966288299998395e-05,4.729948099132374,0.00013830690199999676,-0.0024397496939,0.0195451122642,0.006394396539299999,0.0241848619581,-0.041787694173999995
0.002564640567,0.011277259723,0.0098448296860999,0.025119160013,0.012409470253099901,0.02768380058,0.8523598410883945,4.3902608999999045e-06,1.5402286648998929,6.495389699999986e-05,3.443455719271895,1.0683452899900789e-05,3.932817170888179,0.00013429805489999919,4.295815560360286,1.5073713799901994e-05,4.7851770119765735,0.00013868831580000213,-0.0024353594330000002,0.01968380058,0.006409470253099901,0.024319160013,-0.041722740277
0.0025690608534,0.011342364337,0.0098555866492,0.0252537895274,0.0124246475026,0.0278228503808,0.8574935425087945,4.420286400000275e-06,1.5628482889598927,6.5104614e-05,3.463156135607195,1.0756963100100325e-05,3.9831901204285787,0.00013462951440000245,4.320649678115986,1.5177249500099299e-05,4.840683662937374,0.00013904980079999796,-0.0024309391466,0.0198228503808,0.0064246475026,0.024453789527400002,-0.041657635663
0.0025735100275,0.011407610429,0.009866414169,0.0253887308855,0.0124399241965,0.027962240913,0.8626361133896946,4.4491740999997274e-06,1.5855982637258927,6.524609200000107e-05,3.482878136425395,1.082751979999963e-05,4.033832640841479,0.00013494135810000057,4.3455142498150865,1.527669389999979e-05,4.896468754231173,0.00013939053220000247,-0.0024264899725000002,0.019962240913,0.0064399241965,0.024588730885500003,-0.041592389571
0.0025779868972,0.01147298842,0.0098773091516,0.0255239637372,0.0124552960488,0.0281019506344,0.8677876103143946,4.47686970000017e-06,1.6084788625748927,6.537799099999922e-05,3.502621859745995,1.0894982600000505e-05,4.084745335464178,0.00013523285169999774,4.370409470060387,1.5371852299999808e-05,4.952532945778573,0.00013970972139999704,-0.0024220131028,0.020101950634399998,0.0064552960488,0.0247239637372,-0.041527011579999995
0.0025824902176,0.011538488395,0.009888268368,0.0256594670076,0.012470758585600001,0.0282419572252,0.8729480874291945,4.50332039999982e-06,1.6314903393898925,6.549997499999925e-05,3.522387437265595,1.0959216399999971e-05,4.135928766208979,0.00013550327039999963,4.3953355246947865,1.5462536800001092e-05,5.008876853638173,0.00014000659080000075,-0.0024175097824000002,0.0202419572252,0.006470758585600001,0.0248594670076,-0.041461511605
0.0025870186933,0.011604100126,0.0098992884587999,0.0257952189453,0.0124863071520999,0.028382237638599997,0.8781175963400946,4.528475699999961e-06,1.6546329279108924,6.561173100000026e-05,3.542174994092395,1.1020090799899324e-05,4.187383452161878,0.0001357519377000009,4.420292590432487,1.554856649989972e-05,5.065501048501973,0.00014028041339999783,-0.0024129813067000003,0.020382237638599997,0.006486307152099901,0.0249952189453,-0.041395899874
0.0025915709809,0.011669813081,0.0099103659404,0.0259311971429,0.0125019369213,0.0285227681238,0.8832961860142945,4.5522876000003536e-06,1.6779068411178926,6.571295499999998e-05,3.5619846484915945,1.107748160010004e-05,4.239109868250078,0.00013597819760000074,4.445280834505887,1.5629769200099092e-05,5.122406054264373,0.00014053048520000153,-0.0024084290191,0.0205227681238,0.0065019369213,0.025131197142900002,-0.041330186919
0.0025961456904,0.011735616444,0.0099214972106,0.0260673785784,0.012517642901000001,0.028663524268800002,0.8884839026855945,4.574709499999795e-06,1.7013122706428925,6.580336300000128e-05,3.581816511642595,1.1131270200000556e-05,4.291108443971378,0.00013618143549999975,4.470300414328187,1.570597970000122e-05,5.179592346656974,0.00014075614500000388,-0.0024038543096,0.020663524268800002,0.006517642901000001,0.0252673785784,-0.041264383556
0.0026007413887,0.0118014991259999,0.0099326785552,0.0262037396406998,0.012533419943899999,0.0288044810293998,0.8936807897646944,4.595698299999888e-06,1.7248493862128924,6.588268199989901e-05,3.6016706874083946,1.1181344599998574e-05,4.343379562190478,0.00013636106229979877,4.495351477173087,1.5777042899997595e-05,5.237060351955173,0.00014095676059979606,-0.0023992586113000002,0.020804481029399798,0.0065334199438999985,0.0254037396406998,-0.0411985008740001
0.0026053566013,0.011867449786,0.0099439061542,0.0263402561733,0.012549262755500001,0.028945612774599998,0.8988868877546945,4.615212600000019e-06,1.7485183351248923,6.59506600001001e-05,3.6215472721177946,1.1227599000001448e-05,4.395923558004478,0.00013651653260019977,4.5204341598724875,1.5842811600002768e-05,5.294810445759173,0.00014113174520019936,-0.0023946433987000002,0.020945612774599998,0.006549262755500001,0.0255402561733,-0.041132550214
0.0026099898155,0.0119334568479999,0.009955176089,0.0264769035114998,0.012565165904499999,0.029086893326999798,0.9041022341714945,4.633214200000166e-06,1.7723192417588922,6.600706199989988e-05,3.641446354360995,1.1269934799999076e-05,4.448740717689278,0.00013664733819980165,4.545548588532488,1.5903148999997507e-05,5.352842951860773,0.00014128055239980009,-0.0023900101845,0.021086893326999798,0.006565165904499999,0.025676903511499802,-0.0410665431520001
0.0026146394826,0.01199950852,0.0099664843492,0.0266136565226,0.0125811238318,0.0292282960052,0.9093268634695945,4.649667100000039e-06,1.796252207126892,6.605167200010066e-05,3.661368014799195,1.1308260200000239e-05,4.501831277723378,0.0001367530111002005,4.570694878268788,1.5957927300001146e-05,5.411158141192973,0.00014140267820020314,-0.0023853605174,0.0212282960052,0.0065811238318,0.025813656522600002,-0.04100049148
0.0026193040212,0.0120655928089999,0.0099778268404,0.0267504896391998,0.0125971308616,0.0293697936603998,0.9145608069733945,4.664538599999813e-06,1.8203173084558921,6.608428899989964e-05,3.681312325988795,1.1342491200000068e-05,4.555195423885177,0.00013683311659979866,4.595873132962187,1.6007029799999448e-05,5.4697562308585725,0.00014149765519979804,-0.0023806959788,0.0213697936603998,0.006597130861599999,0.0259504896391998,-0.0409344071910001
0.00262398182,0.012131697547,0.009989199391,0.026887376913999998,0.012613181211,0.029511358733999998,0.9198040928145944,4.6777987999999104e-06,1.844514598811892,6.610473800009939e-05,3.7012793522201948,1.1372550600000433e-05,4.608833290438376,0.0001368872748001987,4.621083445034787,1.6050349400000344e-05,5.528637383252972,0.0001415650736001986,-0.0023760181800000003,0.021511358733999997,0.006613181211,0.026087376914,-0.040868302453
0.0026286712406,0.012197810407,0.010000597761,0.0270242920546,0.0126292690016,0.0296529632952,0.9250567458751945,4.689420600000136e-06,1.8688441067658919,6.611286000000015e-05,3.721269149372195,1.1398370000000393e-05,4.662744959406977,0.00013691514060000173,4.646325895247387,1.6087790600000096e-05,5.587801705282173,0.00014160456120000317,-0.0023713287594,0.0216529632952,0.0066292690016,0.0262242920546,-0.040802189593
0.0026333706207,0.012263918923,0.010012017649,0.0271612084667,0.012645388269699999,0.0297945790874,0.9303187877364946,4.699380100000022e-06,1.8933058360958919,6.610851600000016e-05,3.7412817647821948,1.1419887999998546e-05,4.716930459928276,0.00013691641210000077,4.671600552518687,1.6119268099999e-05,5.647249247664773,0.00014161579219999776,-0.0023666293793,0.0217945790874,0.006645388269699999,0.026361208466700002,-0.040736081077
0.0026380782774,0.012330010514,0.0100234547,0.0272980993054,0.0126615329774,0.029936177582799997,0.9355902366345945,4.7076566999999965e-06,1.917899765532892,6.60915909999997e-05,3.7613172371311947,1.1437051000000656e-05,4.771389767700377,0.00013689083869999896,4.696907473765788,1.6144707700001953e-05,5.706980004334973,0.00014159849539999853,-0.0023619217226,0.021936177582799997,0.006661532977400001,0.0264980993054,-0.040669989486
0.0026427925101,0.0123960725019999,0.010034904516,0.027434937514099797,0.0126776970261,0.0300777300241998,0.9408711074220946,4.714232700000175e-06,1.942625848548892,6.606198799989985e-05,3.7813755963471944,1.144981600000039e-05,4.826122804519876,0.00013683820869979726,4.7222467037692875,1.6164048699999697e-05,5.766993911941972,0.00014155244139980178,-0.0023572074899,0.0220777300241998,0.0066776970261,0.0266349375140998,-0.0406039274980001
0.0026475116037,0.0124620921359999,0.010046362661,0.0275716958756998,0.012693874264699999,0.0302192074793998,0.9461614115358945,4.7190935999999635e-06,1.9674840131868918,6.601963400000056e-05,3.8014568635241948,1.1458144999998768e-05,4.881129437909676,0.00013675836160000412,4.747618275060087,1.6177238599998298e-05,5.827290849445572,0.00014147745520000019,-0.0023524883963,0.0222192074793998,0.006693874264699999,0.026771695875699802,-0.0405379078640001
0.0026522338321999,0.012528056613,0.0100578246719999,0.0277083470581999,0.0127100585041998,0.0303605808903998,0.9514611569717945,4.722228499899964e-06,1.9924741619358919,6.596447700010083e-05,3.8215610508571944,1.146201099990092e-05,4.936409480843576,0.0001366511825000999,4.773022207828987,1.6184239499800884e-05,5.887870637815372,0.00014137341100000159,-0.0023477661678001,0.0223605808903998,0.0067100585041998,0.026908347058199902,-0.040471943387
0.0026569574617,0.0125939531,0.010069286067,0.027844863661699998,0.012726243528699999,0.030501821123399997,0.9567703482656943,4.72362950009993e-06,2.0175961716488917,6.589648699999867e-05,3.841688161596194,1.1461395000099406e-05,4.991962691563476,0.00013651660350009684,4.798458509861886,1.6185024500198902e-05,5.948733039829172,0.00014124023300019634,-0.0023430425383,0.022501821123399997,0.0067262435286999985,0.0270448636617,-0.0404060469
